1 57 85 42 43 28 87 86 81 55 17 11 78 39 77 92 75 58 78 16 84 24 78 89 38 48 1 
1 86 72 26 86 100 56 49 44 89 93 81 14 17 55 22 47 18 51 34 68 27 57 45 58 50 1 
1 81 25 55 41 93 97 91 23 12 88 77 24 38 46 36 90 86 82 43 93 31 70 82 77 33 0 
1 13 19 60 38 12 17 17 25 74 35 11 84 13 31 61 23 49 36 53 38 73 71 52 74 55 1 
1 23 81 15 42 61 51 12 84 34 81 28 22 70 91 87 10 20 99 33 94 28 93 54 44 95 0 
1 26 96 44 40 96 42 54 11 52 88 97 79 63 16 14 61 54 28 86 99 44 15 84 18 60 1 
1 85 22 49 17 50 18 31 37 96 83 32 24 92 98 98 61 83 85 83 90 30 21 22 53 75 0 
1 79 16 62 84 84 59 21 87 99 12 75 56 67 53 18 53 92 22 94 100 67 78 33 44 21 0 
1 33 49 46 27 66 68 69 33 46 85 69 81 99 66 14 16 68 18 29 65 88 77 36 24 36 0 
1 25 49 70 28 77 36 47 88 40 71 73 45 24 48 21 10 96 76 37 31 49 96 67 44 75 0 
1 69 17 11 84 10 45 16 52 12 59 36 76 41 83 19 54 86 56 14 49 69 36 36 73 77 0 
1 58 27 32 62 10 66 45 70 16 90 82 52 99 87 76 41 53 50 52 92 35 71 71 93 13 0 
1 80 100 100 72 84 61 95 13 76 42 16 72 56 29 57 44 43 70 11 67 17 36 83 93 73 1 
1 32 68 24 19 38 29 61 86 77 86 38 98 80 39 29 26 62 53 60 77 93 89 75 28 88 0 
1 24 76 61 43 14 80 63 90 92 12 39 56 71 37 87 99 23 89 63 30 97 95 22 31 98 1 
1 77 14 84 45 31 63 34 54 36 97 27 36 80 32 63 92 31 98 58 57 75 37 20 35 66 1 
1 40 100 38 79 65 76 97 65 76 10 55 66 17 70 24 45 81 82 73 77 56 15 80 92 13 0 
1 51 98 37 77 23 89 62 91 87 15 75 88 81 56 44 73 32 92 73 93 27 96 65 56 83 0 
1 29 74 82 63 86 41 54 30 99 38 82 45 40 96 88 96 75 18 73 59 92 46 94 55 42 1 
1 12 52 19 14 48 24 50 71 28 46 99 83 22 10 30 68 59 89 93 78 82 98 29 85 76 0 
1 91 63 89 13 26 16 66 58 43 59 86 10 88 22 62 42 37 37 41 84 15 76 71 46 80 0 
1 24 78 66 25 65 71 86 10 79 52 54 32 45 20 95 99 92 29 29 47 72 46 84 17 10 1 
1 47 97 84 11 26 58 47 26 71 84 55 44 68 51 38 97 69 43 56 81 11 81 27 72 43 0 
1 74 31 35 88 77 85 48 54 25 10 77 65 76 31 59 37 44 81 24 39 21 32 11 52 13 1 
1 70 64 48 95 12 79 92 96 27 86 51 98 29 15 87 49 34 37 37 98 51 33 35 78 39 1 
1 44 88 82 23 79 95 34 50 71 55 60 20 38 78 67 21 10 17 36 83 25 71 44 23 19 0 
1 55 19 36 69 10 73 38 23 19 70 48 99 27 33 98 57 69 89 27 24 81 83 84 50 17 1 
1 21 48 38 18 51 53 30 81 83 53 31 85 89 39 47 31 83 22 100 74 50 99 39 63 61 0 
1 94 89 35 31 31 23 74 64 19 18 69 70 67 38 59 90 93 88 24 41 61 81 29 80 32 0 
1 92 15 68 59 79 100 90 59 60 42 95 68 60 66 92 74 26 10 68 15 98 74 79 17 16 1 
1 76 100 81 70 23 46 95 43 38 37 97 19 35 49 31 44 49 46 32 33 81 54 64 63 32 0 
1 21 54 17 66 55 45 82 39 42 91 76 14 64 42 49 55 93 92 46 27 66 66 80 22 63 1 
1 86 47 30 11 70 85 36 43 29 33 87 20 77 98 86 90 15 60 72 27 93 67 29 68 56 0 
1 11 100 25 76 24 37 79 38 41 27 52 90 89 95 96 71 16 76 73 37 53 80 56 91 16 1 
1 80 16 76 11 35 87 61 70 20 40 42 73 85 72 16 17 46 24 29 58 21 46 97 94 32 0 
1 37 69 73 33 86 33 94 21 38 55 82 38 82 10 49 19 100 18 25 13 54 100 10 51 70 0 
1 56 10 49 67 11 91 70 80 69 36 28 84 45 14 17 39 51 89 77 47 100 91 91 37 35 0 
1 88 59 43 55 42 26 64 44 74 74 61 97 19 81 33 61 11 74 54 32 59 10 94 42 36 1 
1 99 59 80 10 76 84 58 64 32 77 49 45 93 69 88 48 97 46 12 22 48 28 61 56 78 0 
1 57 19 30 38 20 43 30 62 100 31 21 10 94 73 61 30 21 69 13 52 81 15 75 69 68 0 
1 81 36 98 93 92 78 97 61 28 53 55 25 24 17 80 37 58 58 55 73 56 34 37 72 50 1 
1 73 75 17 100 31 18 40 10 15 27 70 55 33 89 72 86 20 67 64 78 97 26 41 56 35 1 
1 95 40 76 75 34 82 85 92 79 10 65 23 13 33 39 45 48 17 51 99 88 48 11 64 47 0 
1 27 27 48 80 56 48 90 35 13 41 39 100 76 89 12 48 39 62 29 90 55 43 42 41 24 1 
1 57 32 58 23 71 85 75 19 56 78 82 97 79 27 60 37 61 27 69 15 99 12 71 65 60 0 
1 49 65 80 86 31 44 15 88 40 42 58 78 97 26 98 85 54 69 89 64 22 98 36 82 79 1 
1 49 24 98 56 58 71 62 80 11 87 19 36 91 21 12 39 56 41 11 74 88 54 54 28 48 1 
1 22 34 42 25 41 33 16 88 21 17 92 83 99 98 88 42 24 23 25 51 82 28 87 10 97 0 
1 14 49 83 60 62 18 64 51 73 52 64 91 29 12 94 29 79 87 12 64 88 69 75 74 93 1 
1 87 76 93 53 31 57 47 43 17 89 89 42 78 55 41 93 44 88 40 75 13 36 81 41 34 1 
1 37 47 56 61 68 26 100 67 38 45 55 87 12 49 71 14 73 66 29 56 17 65 98 65 80 1 
1 96 29 74 51 51 90 40 38 41 46 16 55 84 77 19 91 67 99 67 91 47 22 98 82 60 0 
1 39 14 65 91 52 57 100 21 50 29 63 98 94 72 91 18 90 67 18 11 57 71 91 100 87 1 
1 51 15 42 66 35 40 14 89 32 62 48 25 58 40 74 73 66 31 56 77 98 18 15 44 23 0 
1 79 61 49 85 49 83 11 32 43 49 82 10 25 23 79 79 73 73 20 66 64 86 42 13 65 0 
1 20 88 27 51 71 90 75 36 10 10 96 38 28 22 78 40 39 75 36 33 100 63 27 90 20 1 
1 87 97 99 50 13 14 100 19 23 22 94 99 69 86 91 63 27 42 79 27 10 60 95 38 21 1 
1 71 82 72 58 49 24 89 22 21 47 51 12 48 98 66 35 60 50 79 36 35 39 27 53 89 1 
1 68 68 33 79 20 75 50 50 36 11 50 53 47 67 75 45 70 16 50 44 51 97 88 58 50 0 
1 98 44 83 60 17 20 96 14 31 44 50 36 45 95 47 37 20 52 51 60 90 50 61 32 18 1 
1 23 88 39 23 93 37 72 54 68 73 41 71 90 25 100 75 94 60 60 12 42 46 68 26 46 1 
1 39 26 38 75 68 61 30 24 17 38 23 80 12 24 30 66 75 51 56 27 61 99 36 77 11 1 
1 83 57 53 36 63 98 97 99 80 30 61 87 54 40 40 87 26 56 14 58 11 94 91 25 68 1 
1 46 11 13 66 48 25 43 79 49 53 78 30 31 31 59 82 61 82 59 44 14 17 21 96 53 0 
1 50 88 24 94 77 95 39 57 19 73 25 96 10 85 94 69 41 30 61 29 18 65 15 93 24 1 
1 36 86 72 47 40 77 78 73 33 46 57 78 61 60 36 54 32 73 43 32 78 24 35 24 55 1 
1 33 26 17 81 69 61 50 47 58 13 62 15 49 29 91 42 52 12 77 32 87 70 78 31 85 0 
1 21 99 82 64 91 15 71 49 42 59 87 72 26 68 44 67 94 100 24 17 60 36 99 54 57 1 
1 18 48 72 62 76 75 92 80 22 80 47 10 19 25 12 72 28 34 66 36 14 19 24 40 45 1 
1 64 55 81 80 64 49 30 17 10 71 24 70 49 38 36 94 14 76 32 78 31 51 30 16 99 1 
1 24 22 91 76 97 71 15 22 63 11 43 98 48 33 63 84 26 67 54 88 60 99 45 40 76 1 
1 42 85 38 31 93 60 56 80 68 82 99 29 82 77 60 65 99 22 71 96 73 34 13 51 79 0 
1 80 76 33 99 37 28 95 45 68 24 98 85 20 85 15 43 40 36 69 93 47 52 58 75 79 0 
1 12 93 79 38 31 55 29 77 13 96 11 54 38 70 53 90 45 51 11 41 66 55 83 62 84 1 
1 58 18 85 86 58 10 12 33 38 93 54 28 53 70 80 39 50 63 89 78 35 62 51 64 43 1 
1 73 40 55 91 70 90 42 40 40 72 21 11 59 24 59 50 88 91 25 86 24 66 90 96 53 1 
1 60 19 43 37 88 62 64 29 100 50 40 28 39 50 61 43 65 59 99 26 89 11 90 70 26 0 
1 38 13 46 19 22 15 70 32 87 49 57 10 54 27 74 47 12 72 31 22 22 98 59 68 68 1 
1 12 27 10 82 51 14 78 84 58 71 95 32 65 62 15 100 85 56 45 12 15 49 73 84 37 1 
1 75 33 59 82 37 84 80 10 82 72 80 71 32 20 43 12 79 86 84 96 63 72 30 55 86 0 
1 64 47 79 44 94 25 56 10 84 61 71 63 22 91 94 41 24 77 59 40 100 67 77 85 57 1 
1 73 38 59 17 26 45 81 57 63 90 94 78 89 51 15 95 14 43 92 57 15 12 10 86 14 0 
1 52 66 60 84 16 56 20 37 20 97 88 47 11 77 20 18 85 25 84 17 23 71 25 34 96 0 
1 30 20 19 99 79 92 89 22 89 93 61 77 34 21 82 63 88 67 25 65 29 53 46 100 95 1 
1 21 90 30 85 77 57 10 31 71 54 41 52 69 69 86 44 39 60 57 13 24 14 29 46 21 1 
1 79 80 93 23 21 83 69 66 63 47 52 67 42 79 87 74 46 80 52 43 64 64 100 41 61 1 
1 53 31 67 28 61 57 60 20 32 83 73 16 79 19 84 42 20 37 30 58 55 95 10 44 98 1 
1 97 49 40 75 41 56 73 43 32 57 15 50 95 27 76 17 81 45 54 77 97 53 17 92 16 0 
1 60 25 100 91 89 99 81 18 57 58 84 15 23 82 46 88 82 21 95 21 66 53 48 86 94 0 
1 45 71 94 77 29 17 74 98 40 20 33 19 53 70 72 91 55 51 88 53 63 31 24 37 56 1 
1 88 78 16 42 29 90 57 97 100 28 66 31 47 97 64 47 65 71 29 18 25 13 72 67 48 0 
1 57 79 57 33 80 35 50 18 82 38 18 30 88 17 87 59 48 39 28 98 17 41 62 35 39 1 
1 72 95 12 70 50 98 66 19 57 28 91 53 56 90 42 27 84 98 69 98 23 82 67 57 89 0 
1 16 55 68 61 65 61 98 51 21 58 42 92 26 49 22 12 99 98 99 33 35 46 51 15 76 1 
1 95 40 90 20 78 41 16 51 56 60 52 86 70 55 96 12 57 58 62 17 26 15 10 73 92 0 
1 13 55 81 50 83 59 34 58 50 99 58 69 26 71 23 47 37 48 36 16 38 37 89 97 73 1 
1 32 89 37 41 33 18 31 68 28 53 84 27 61 30 65 70 65 80 34 69 94 47 26 12 51 0 
1 37 18 40 95 24 100 29 72 24 82 54 10 36 11 93 54 71 63 93 79 71 32 60 100 28 0 
1 79 95 48 45 23 86 92 77 91 41 41 18 26 47 74 10 27 89 98 75 73 65 21 74 29 0 
1 23 74 98 52 21 97 43 23 41 65 30 86 44 72 47 25 61 21 37 12 29 65 100 51 78 1 
1 59 96 68 92 28 38 67 12 75 24 67 45 71 81 76 11 43 71 82 39 53 45 81 69 94 1 
1 19 59 72 42 57 21 65 94 90 60 55 42 93 59 16 13 13 70 19 56 93 83 84 81 99 0 
1 26 91 87 89 32 61 81 26 50 28 45 94 88 98 20 91 52 57 88 51 29 83 74 28 65 1 
1 63 97 12 18 75 46 74 90 51 74 83 55 92 56 96 52 17 59 81 52 94 89 34 35 95 0 
1 80 17 33 63 93 64 70 31 21 28 67 63 29 66 15 40 98 32 40 92 71 25 13 15 63 0 
1 22 98 97 42 75 14 75 88 12 91 45 26 54 55 31 61 60 90 87 46 42 65 78 89 49 1 
1 86 71 74 17 38 16 43 41 71 30 78 81 50 16 68 74 37 29 54 59 84 11 52 96 12 0 
1 84 80 88 47 64 93 67 100 89 19 69 10 96 27 42 60 17 39 13 44 77 63 42 57 78 0 
1 90 86 67 31 41 22 42 59 40 40 88 86 31 38 17 79 48 94 72 84 24 89 20 27 16 0 
1 94 92 77 64 77 61 49 84 94 76 76 23 91 46 41 34 72 13 35 100 93 98 24 35 51 0 
1 71 86 60 80 79 23 48 83 53 50 38 91 74 19 36 14 53 99 90 14 79 13 36 79 13 1 
1 36 33 88 60 80 66 86 36 61 86 94 43 17 45 72 61 47 90 30 83 98 64 13 23 36 1 
1 56 30 34 91 10 36 89 47 63 67 32 61 26 17 64 62 25 87 24 55 62 23 70 27 36 1 
1 13 27 82 54 68 29 34 43 96 98 73 80 99 87 16 92 12 82 10 72 81 55 69 56 86 1 
1 23 74 90 28 86 20 55 63 61 91 41 17 34 35 66 25 57 96 11 18 82 51 89 98 73 1 
1 88 66 77 83 27 20 22 52 13 66 23 23 30 41 26 74 65 35 47 91 46 52 44 30 17 1 
1 32 65 65 89 87 33 99 52 45 33 93 48 61 50 51 77 25 12 51 42 40 12 38 17 44 1 
1 90 19 34 67 27 20 93 28 12 53 80 67 69 47 24 43 66 10 58 38 41 14 13 41 49 0 
1 14 76 51 65 15 44 48 96 92 64 95 28 57 78 88 97 33 65 71 14 23 29 15 43 11 1 
1 49 69 29 89 58 76 31 85 76 15 70 50 78 22 16 78 83 53 74 28 95 57 37 77 69 0 
1 54 35 36 68 78 14 59 99 97 57 58 47 22 70 67 58 95 54 80 49 15 71 67 67 81 0 
1 68 45 52 53 93 20 59 35 35 35 90 90 23 33 71 16 93 18 99 66 85 86 39 45 34 0 
1 94 95 14 22 85 30 13 55 62 50 35 15 28 68 69 44 91 76 53 17 91 92 92 85 37 0 
1 22 47 21 51 35 42 12 64 77 92 82 99 68 38 82 85 50 94 84 75 74 91 12 60 37 1 
1 80 66 57 48 13 27 35 99 86 59 71 34 27 42 67 28 22 65 33 14 52 23 73 27 74 0 
1 60 32 55 49 49 19 37 26 18 87 36 17 99 100 87 18 12 63 64 89 60 39 77 32 37 1 
1 95 60 74 30 23 58 91 40 56 31 96 75 31 81 47 30 26 86 100 20 14 60 27 60 89 0 
1 95 92 66 24 18 35 45 70 23 86 24 43 19 59 68 51 51 29 76 40 95 59 26 10 69 0 
1 75 80 76 15 74 79 16 71 91 25 55 68 23 61 44 65 82 89 71 35 44 98 57 37 66 0 
1 50 64 24 66 25 28 78 38 20 91 94 73 36 91 19 49 86 16 80 61 21 54 29 66 28 0 
1 12 21 13 24 38 59 10 62 42 62 52 73 85 13 40 93 57 68 98 64 59 33 73 69 13 0 
1 28 52 98 67 37 87 21 67 39 15 90 17 31 73 13 100 25 41 43 44 98 69 49 25 39 0 
1 97 15 73 66 59 70 71 15 84 50 37 43 64 60 74 35 57 98 20 82 90 14 14 65 10 1 
1 42 76 33 87 63 96 34 69 60 36 40 42 24 11 95 46 39 88 47 45 92 25 88 93 42 1 
1 85 57 22 90 39 44 12 34 100 47 53 62 82 60 61 31 54 41 88 66 27 27 48 63 60 0 
1 29 79 37 16 20 22 73 66 82 89 52 95 77 94 71 46 87 81 62 99 81 27 36 16 79 0 
1 20 46 78 72 39 82 51 29 99 97 52 98 76 94 79 79 43 12 74 27 10 82 89 13 15 1 
1 13 73 88 21 11 78 79 15 75 58 97 68 38 60 27 47 25 59 59 36 53 93 92 75 84 0 
1 19 95 40 82 71 38 32 82 100 100 61 45 69 66 71 52 55 60 34 54 22 83 98 73 88 1 
1 30 65 97 99 81 20 80 54 99 15 69 89 12 96 14 97 26 58 47 18 57 23 34 89 15 1 
1 30 74 56 32 83 31 84 81 77 39 46 48 42 29 47 59 92 21 63 11 73 69 18 29 49 0 
1 51 14 58 43 45 44 33 21 65 53 58 54 37 99 10 13 49 56 46 39 92 21 62 60 62 0 
1 26 100 65 79 87 34 23 30 96 37 30 61 97 67 95 17 67 67 38 84 49 29 44 45 64 1 
1 85 67 63 82 88 25 41 62 61 42 85 27 59 12 48 73 28 45 49 45 70 39 84 10 23 1 
1 33 82 18 67 12 10 27 19 96 29 100 58 53 20 41 94 100 84 11 61 53 32 19 92 36 0 
1 72 45 22 100 57 53 25 16 13 26 20 58 23 35 57 60 13 68 65 65 41 87 59 25 33 1 
1 11 50 35 44 85 31 85 46 50 66 42 67 22 69 21 15 33 52 34 70 12 65 86 31 38 1 
1 48 55 11 89 34 60 57 43 62 50 23 13 55 32 10 47 62 20 32 52 36 45 20 90 78 0 
1 34 59 36 44 67 15 10 52 42 39 28 54 89 37 21 48 63 24 98 72 93 19 11 53 65 0 
1 91 17 12 10 66 53 99 22 45 73 56 42 45 17 35 44 15 16 93 37 27 100 36 75 47 0 
1 52 69 40 94 95 44 100 35 87 72 87 29 53 74 16 81 57 32 66 92 98 16 80 40 97 0 
1 40 57 29 10 37 35 29 28 39 86 17 82 55 65 26 38 89 26 36 74 26 89 76 16 67 0 
1 78 13 57 71 26 40 71 83 66 47 53 81 52 81 46 49 27 28 49 19 91 74 96 20 72 0 
1 10 98 33 90 77 68 31 83 71 32 75 65 39 36 85 65 27 44 29 99 71 32 53 100 45 1 
1 35 74 31 28 91 50 24 56 68 71 20 83 24 18 23 43 35 57 55 20 68 29 43 68 66 1 
1 59 14 87 90 21 96 68 30 12 83 18 68 65 75 31 99 72 35 52 87 59 77 14 51 69 1 
1 23 60 78 52 42 20 61 44 72 56 18 69 76 55 11 18 94 80 51 31 43 75 58 98 77 1 
1 47 24 43 12 41 37 95 18 34 46 41 56 49 13 73 46 43 36 65 99 55 11 16 13 90 0 
1 40 25 74 24 57 55 42 39 91 16 52 69 65 20 76 100 27 12 59 94 28 66 85 35 32 1 
1 80 70 14 74 95 98 65 45 70 18 83 21 54 71 45 10 54 36 70 28 72 60 22 49 18 0 
1 46 76 65 80 93 59 80 71 34 71 58 95 99 93 10 84 37 30 78 59 72 20 47 87 43 1 
1 33 82 40 19 32 70 23 95 49 14 35 77 81 13 94 83 29 68 90 69 80 16 40 21 95 0 
1 23 85 79 68 37 39 51 88 92 54 93 30 62 51 17 56 30 15 93 89 98 100 37 98 49 0 
1 70 80 21 35 25 24 48 30 58 51 84 25 18 83 77 59 41 11 51 62 83 67 32 72 76 0 
1 25 86 84 64 62 40 43 61 88 57 38 39 59 90 52 76 27 65 70 89 52 46 17 19 71 1 
1 18 22 67 36 45 35 79 46 24 85 85 75 24 53 16 90 50 26 57 21 94 80 63 46 71 1 
1 24 81 73 93 83 47 56 10 21 51 34 82 19 94 77 64 95 36 79 61 47 31 86 46 74 1 
1 91 64 72 17 94 76 67 34 82 68 66 65 51 57 31 35 11 32 20 59 71 17 76 85 36 1 
1 13 21 52 63 37 20 90 18 86 69 52 72 19 32 69 16 85 99 90 72 64 13 75 32 74 1 
1 100 86 15 85 67 46 46 51 80 10 37 36 59 80 66 76 36 22 67 60 38 75 11 42 79 0 
1 62 100 30 15 33 57 90 48 25 67 27 39 56 14 11 85 78 28 82 58 54 72 96 41 53 0 
1 75 98 23 55 31 96 41 78 60 20 58 71 83 75 57 21 31 42 22 66 56 53 49 45 15 0 
1 26 81 38 42 82 78 71 85 91 78 22 42 58 25 64 10 99 44 72 80 69 64 62 87 54 0 
1 21 91 25 49 63 95 59 70 99 51 12 57 49 72 54 24 58 42 56 47 90 58 79 77 51 0 
1 34 22 69 32 48 55 13 16 19 31 12 17 90 45 96 27 15 45 14 52 42 37 12 99 46 1 
1 16 18 81 16 23 55 77 10 60 18 21 96 84 84 73 26 74 17 58 16 18 46 22 36 60 1 
1 20 30 87 64 48 56 16 98 21 27 79 80 96 42 38 24 39 45 31 61 29 76 62 17 15 0 
1 46 34 56 47 60 46 94 94 90 12 17 24 18 18 57 94 80 33 94 21 22 40 80 77 53 1 
1 90 24 68 44 24 20 62 19 22 12 40 19 18 39 33 51 65 37 88 23 39 97 77 82 56 0 
1 70 50 94 10 40 64 63 80 65 11 84 21 20 99 96 100 19 72 85 84 58 65 36 10 96 0 
1 76 84 79 98 30 93 94 35 52 62 90 88 88 17 83 81 73 25 16 45 95 28 18 86 86 1 
1 26 15 25 82 57 25 24 81 23 26 34 77 78 60 67 98 27 94 13 61 32 58 78 20 78 1 
1 62 14 60 89 55 15 86 20 11 40 78 68 95 87 68 83 49 40 55 20 21 18 52 11 50 1 
1 36 96 84 39 84 81 39 63 43 62 83 89 53 97 75 96 61 100 66 84 11 88 28 81 11 1 
1 59 76 74 35 24 13 32 51 13 63 21 77 18 71 10 14 49 18 72 56 31 28 20 50 18 0 
1 68 73 38 96 95 99 69 28 83 27 73 27 62 54 23 33 32 52 16 98 29 28 43 79 97 0 
1 62 85 68 45 28 23 22 42 65 28 69 22 17 92 90 31 92 59 86 57 81 13 100 97 36 0 
1 48 93 49 97 62 99 30 42 70 35 76 62 22 97 12 64 94 74 57 38 77 99 74 95 24 0 
1 10 21 65 13 72 49 11 49 25 27 57 53 85 18 83 30 18 70 77 19 11 96 18 84 78 1 
1 58 71 53 57 20 86 34 32 96 60 37 88 96 52 30 63 12 24 41 91 28 48 62 15 11 1 
1 41 15 84 21 63 99 43 22 92 71 37 74 37 10 29 59 98 33 82 50 91 52 15 16 57 0 
1 30 17 19 49 48 56 82 23 95 94 43 12 21 20 91 28 52 92 87 75 33 21 53 40 93 1 
1 90 98 91 49 19 37 59 78 14 99 25 42 49 18 13 75 61 48 100 49 86 90 55 80 25 0 
1 90 57 56 20 27 59 70 49 99 33 96 94 42 32 12 11 82 14 42 68 37 55 63 99 60 0 
1 16 12 30 16 67 39 14 61 37 30 81 40 46 76 91 81 50 36 51 29 83 26 11 37 18 0 
1 49 98 31 82 77 50 91 56 100 100 50 86 78 84 12 80 64 15 17 97 83 26 63 95 18 1 
1 34 67 23 64 41 89 62 95 96 83 72 21 98 16 44 40 73 39 18 47 68 59 92 68 58 0 
1 43 60 17 67 66 56 69 78 11 18 17 99 44 83 46 88 68 78 50 93 86 45 43 53 23 1 
1 30 82 75 34 67 55 52 72 82 65 57 88 70 73 74 56 14 41 60 55 16 20 77 45 58 1 
1 17 47 93 23 27 48 57 46 34 14 53 21 96 22 78 65 85 64 83 19 40 28 32 35 52 0 
1 61 46 58 30 92 40 67 68 89 87 63 88 41 31 74 37 33 36 90 57 37 86 34 15 75 1 
1 27 60 85 92 97 89 43 84 19 17 72 96 37 47 30 10 85 85 23 25 66 97 56 77 18 1 
1 50 96 53 22 51 18 76 95 85 33 69 32 18 12 90 17 91 55 88 35 70 26 12 77 70 0 
1 53 17 94 80 15 76 99 81 69 52 84 80 98 62 28 46 85 84 13 62 10 28 83 90 28 0 
1 60 11 34 85 20 94 22 48 43 83 91 92 76 68 75 58 32 91 69 35 56 30 31 65 25 1 
1 58 96 30 28 33 63 47 83 71 99 86 98 77 40 50 89 41 33 22 82 38 30 87 41 58 1 
1 88 70 89 50 19 75 15 78 36 82 46 76 43 75 61 38 86 42 77 81 34 89 34 18 24 0 
1 24 21 59 43 81 23 52 65 16 72 45 67 59 77 11 23 39 44 59 56 52 15 25 99 97 0 
1 34 82 39 46 67 42 66 81 92 20 63 44 95 94 49 28 90 86 99 94 17 67 85 96 48 0 
1 71 44 100 91 36 69 59 67 90 74 35 96 73 82 57 40 13 34 93 92 73 15 57 35 12 1 
1 61 20 91 61 74 22 70 69 95 30 66 70 82 22 23 14 44 66 79 86 75 39 80 50 47 0 
1 48 100 29 50 44 75 39 77 55 10 67 44 99 70 62 27 56 15 37 14 23 39 21 85 95 0 
1 77 54 75 85 66 28 53 96 70 90 19 33 27 85 10 80 74 48 86 72 10 19 32 14 24 1 
1 94 77 98 22 45 11 73 23 26 56 33 87 34 69 85 58 40 36 65 11 82 78 46 78 34 1 
1 36 32 53 25 33 85 100 19 58 80 48 87 20 37 59 15 57 44 34 14 34 21 78 64 80 1 
1 17 17 71 51 100 69 35 47 17 51 60 42 85 26 69 78 51 12 13 15 37 72 76 27 16 1 
1 63 79 96 70 12 92 33 70 31 84 55 14 92 100 75 90 43 13 98 87 62 43 18 16 62 0 
1 93 19 32 57 29 15 100 67 27 92 53 15 34 19 96 96 21 96 98 37 94 42 11 21 99 1 
1 98 34 20 69 39 54 67 84 43 72 44 75 66 10 94 24 43 96 34 90 14 80 92 77 19 1 
1 55 75 58 86 76 47 66 74 62 73 35 60 53 35 43 43 81 73 25 22 29 79 17 28 48 1 
1 96 89 93 60 68 17 57 72 10 81 55 85 11 72 82 55 45 91 26 22 66 73 84 39 57 1 
1 84 10 94 87 98 85 37 81 16 66 61 52 65 54 44 40 37 100 80 28 76 49 49 10 95 1 
1 52 64 52 49 23 70 17 88 63 20 30 12 66 11 53 83 52 24 100 50 38 38 61 72 22 0 
1 78 92 47 52 94 26 75 71 44 98 39 63 72 92 37 24 24 13 89 42 68 60 46 45 22 1 
1 89 84 80 81 86 82 71 65 12 84 87 98 41 79 43 56 39 66 16 41 26 47 41 78 96 1 
1 25 27 18 75 91 66 39 74 45 10 77 88 81 63 77 95 77 20 78 79 88 84 13 91 65 0 
1 69 73 14 51 20 32 41 64 79 81 88 35 97 71 30 68 25 37 96 95 55 19 17 61 58 0 
1 43 22 39 52 48 33 38 45 31 95 76 66 29 81 15 51 39 11 53 59 100 46 86 41 64 0 
1 61 84 70 68 74 87 66 49 20 33 69 92 86 37 86 80 76 97 97 67 29 11 19 77 52 1 
1 10 51 44 26 34 40 81 58 61 56 14 46 11 84 71 46 53 17 62 89 72 74 28 71 31 0 
1 64 92 55 51 100 51 94 81 24 39 25 29 38 81 76 40 87 59 77 17 62 38 38 46 43 1 
1 43 75 86 57 31 93 44 33 84 13 14 45 58 56 97 63 79 17 62 41 62 98 81 11 22 1 
1 32 20 42 19 74 73 34 97 15 19 59 94 41 66 37 100 18 77 78 18 33 27 77 95 80 1 
1 29 85 57 65 75 77 43 83 18 98 51 80 79 93 65 64 49 48 25 14 86 77 59 15 99 1 
1 38 75 45 62 60 80 27 75 52 68 37 51 57 59 97 84 13 78 27 29 95 52 87 85 59 1 
1 22 49 62 71 31 17 76 27 63 46 26 59 30 78 41 34 21 39 13 10 88 29 72 66 82 1 
1 98 40 80 80 13 16 83 39 91 89 77 83 67 39 81 51 55 59 83 100 14 60 71 92 90 1 
1 85 13 27 37 15 67 55 15 19 29 85 25 41 66 68 79 96 63 18 82 28 67 84 66 75 0 
1 43 84 93 43 25 10 57 30 24 49 18 46 28 95 31 97 25 28 68 65 85 74 36 98 91 1 
1 28 67 87 15 67 36 57 12 56 67 13 75 55 49 90 35 43 100 32 11 17 13 44 76 36 1 
1 48 10 77 37 36 39 29 88 24 10 88 37 46 85 62 82 53 84 75 82 25 16 13 82 67 0 
1 38 87 10 75 25 52 78 96 28 60 38 79 82 31 79 23 35 82 63 24 75 60 38 94 58 1 
1 39 87 47 95 63 76 71 33 52 88 18 88 63 28 32 99 82 34 51 72 61 86 47 31 53 1 
1 59 69 74 64 89 74 68 10 48 72 98 66 18 61 91 78 80 77 12 37 59 68 14 56 64 1 
1 21 17 16 82 53 53 11 47 51 83 43 71 34 93 60 62 44 38 25 87 83 14 66 13 46 1 
1 42 85 99 28 94 94 34 32 94 20 51 61 24 81 71 93 78 21 69 52 19 90 82 84 85 1 
1 75 25 61 94 50 99 14 64 74 46 69 44 48 58 45 92 45 34 40 40 91 89 55 50 84 0 
1 57 78 82 38 64 29 50 87 98 67 11 61 83 74 14 71 98 77 34 95 56 71 21 12 11 0 
1 41 44 28 22 16 61 29 70 72 49 69 27 80 62 79 54 19 50 65 57 54 60 57 63 55 0 
1 40 25 79 52 72 51 88 37 74 47 24 81 70 55 72 47 74 27 39 13 17 43 26 52 70 1 
1 51 40 19 17 73 29 78 49 22 19 99 84 17 57 52 25 92 27 78 76 97 83 57 10 62 0 
1 17 73 14 89 91 91 28 37 65 86 26 73 43 35 14 14 64 65 42 10 13 39 92 29 71 1 
1 29 42 11 84 69 38 38 92 95 51 51 20 37 25 51 12 42 47 61 75 19 37 93 66 95 0 
1 16 61 65 73 93 48 57 53 51 11 39 31 49 87 71 42 88 58 70 67 71 73 71 24 75 0 
1 31 25 24 80 86 49 66 11 80 18 83 74 17 94 46 69 68 83 98 79 52 36 22 83 89 0 
1 61 28 47 67 13 29 68 59 42 37 49 10 58 69 53 16 27 36 64 80 31 80 80 23 63 0 
1 57 41 98 44 32 92 93 26 66 67 81 77 79 30 76 86 39 76 71 89 78 92 77 60 30 1 
1 56 83 35 40 42 24 85 27 79 20 89 83 27 17 97 26 71 83 56 73 69 69 52 45 33 0 
1 76 97 10 23 11 20 50 47 43 82 57 11 21 30 50 28 89 74 65 33 54 41 81 87 81 0 
1 76 17 43 86 65 69 71 29 98 34 62 50 17 33 94 51 42 67 76 42 93 35 38 67 53 1 
1 43 97 83 63 82 43 55 62 53 71 28 70 97 36 66 22 72 29 85 93 36 12 62 55 79 1 
1 89 61 35 67 30 42 70 43 72 29 53 58 11 77 71 48 74 47 40 17 36 70 34 18 95 0 
1 81 22 45 34 83 24 95 97 45 43 12 50 61 96 54 31 96 35 81 82 25 62 40 64 42 0 
1 100 89 21 27 67 27 89 33 97 86 54 88 16 82 48 20 46 45 62 56 22 21 25 96 52 0 
1 65 57 63 39 88 12 88 89 96 65 70 32 28 50 87 83 52 80 43 69 27 52 38 50 69 1 
1 82 61 81 36 30 30 50 22 16 41 29 13 21 74 59 81 76 21 42 42 71 73 74 41 32 0 
1 20 64 93 68 16 30 83 83 76 93 12 28 92 15 73 24 11 15 24 97 87 18 35 34 88 1 
1 78 21 14 20 90 19 62 52 47 95 65 57 65 88 73 46 88 59 87 51 77 52 43 42 76 0 
1 56 19 75 72 86 70 94 13 62 23 32 30 64 97 61 56 50 39 95 30 14 41 92 10 23 1 
1 25 75 56 20 84 53 35 95 81 76 54 64 10 13 68 32 89 39 96 54 42 53 92 13 28 0 
1 81 56 19 65 20 47 71 36 41 32 35 11 83 65 15 36 65 100 98 72 95 23 96 70 25 0 
1 72 51 47 15 94 83 65 13 32 44 20 45 11 59 10 51 74 51 35 71 77 42 11 46 50 0 
1 94 13 69 29 70 11 37 70 38 98 87 80 62 74 79 58 74 46 13 11 90 93 86 56 55 1 
1 79 42 74 19 25 33 30 68 26 38 30 33 73 46 95 33 70 15 63 49 92 21 10 86 21 0 
1 62 19 25 33 76 44 62 38 19 45 69 25 74 26 67 44 81 98 83 35 23 72 88 13 96 0 
1 97 63 15 26 59 73 64 52 43 78 58 48 44 22 45 19 16 22 78 35 66 80 20 79 63 0 
1 16 89 95 41 67 58 56 100 76 74 38 83 50 47 20 84 33 21 74 49 98 95 62 81 59 1 
1 27 18 47 91 99 25 100 32 17 62 52 76 82 22 22 23 49 38 47 48 20 55 86 62 30 1 
1 24 57 11 74 92 31 26 17 61 58 15 80 54 50 80 70 32 45 71 97 50 62 47 48 41 1 
1 27 68 42 51 23 79 72 90 13 83 98 25 99 10 10 86 64 12 92 10 55 96 70 85 69 0 
1 44 68 64 41 59 26 99 29 18 21 15 37 45 36 26 45 95 75 58 24 10 67 85 67 81 1 
1 74 76 75 58 16 42 48 97 31 42 50 67 11 36 66 55 96 64 21 58 85 68 20 13 86 0 
1 71 66 88 51 54 15 29 52 71 62 41 66 97 42 40 24 98 41 23 20 56 74 22 69 17 0 
1 54 34 24 69 80 56 77 32 80 86 90 56 93 62 27 71 96 33 18 45 25 56 70 88 40 0 
1 68 52 37 87 80 82 79 23 10 81 78 78 95 82 86 15 88 97 72 93 91 40 78 29 93 0 
1 23 50 22 90 96 66 13 29 45 97 85 89 22 58 12 25 61 97 62 35 66 58 90 66 42 1 
1 54 74 100 82 52 17 13 38 33 86 31 42 28 64 27 24 85 21 42 44 60 41 15 78 74 1 
1 83 38 40 35 58 15 25 68 63 49 52 80 75 52 93 36 65 11 63 38 26 13 57 59 98 0 
1 61 10 44 24 41 68 60 26 33 11 90 12 79 72 92 85 61 58 84 75 73 55 37 61 53 0 
1 66 83 38 77 29 54 69 70 91 14 71 13 26 71 100 31 59 68 47 55 41 91 71 18 10 0 
1 23 44 100 36 63 61 55 34 19 75 61 95 66 39 63 93 36 77 76 21 66 75 13 30 46 1 
1 19 29 21 47 11 61 98 85 31 56 34 11 15 78 20 55 59 18 79 11 33 93 58 31 88 0 
1 55 92 32 66 23 53 10 71 42 16 19 37 72 16 35 61 86 48 73 35 80 24 68 86 47 0 
1 93 47 12 88 31 36 13 55 81 75 66 99 24 34 56 84 61 98 74 41 17 46 70 79 35 1 
1 64 25 60 25 99 35 56 10 43 88 35 35 51 55 47 52 96 39 81 30 77 40 58 40 81 0 
1 47 37 48 18 88 93 19 27 66 47 14 96 50 72 99 94 74 38 38 57 18 35 73 66 93 1 
1 40 90 68 15 13 12 42 74 67 11 46 49 28 70 42 21 58 40 14 87 85 54 85 39 95 0 
1 77 84 10 78 15 31 91 10 35 49 97 33 65 80 66 56 52 61 88 17 61 70 47 56 40 0 
1 59 68 12 17 70 81 75 44 67 92 59 60 80 66 26 47 94 65 34 94 19 39 70 73 12 0 
1 74 80 24 17 99 74 20 66 96 28 95 67 38 53 11 28 21 39 36 11 20 87 58 85 55 0 
1 54 57 57 84 28 18 64 29 71 35 27 33 11 79 25 30 74 36 38 69 26 79 49 17 21 0 
1 43 75 81 58 64 88 35 98 21 64 57 95 27 24 91 27 24 43 81 11 38 59 81 10 25 1 
1 85 63 18 69 40 49 88 60 64 89 51 14 33 63 15 57 55 95 33 59 68 89 56 58 97 0 
1 81 55 100 98 53 87 68 62 86 41 65 82 74 31 32 68 39 25 25 13 76 68 51 25 62 1 
1 84 65 63 73 80 72 48 62 17 67 59 95 59 38 77 70 38 28 73 43 40 88 45 73 15 1 
1 35 51 71 55 41 58 15 29 50 30 33 46 54 55 38 94 49 73 80 82 77 73 40 29 80 0 
1 23 31 96 65 44 13 28 61 86 40 60 48 60 21 71 67 72 81 92 22 65 29 38 57 100 1 
1 69 20 11 56 31 32 28 58 82 70 78 28 81 39 90 41 95 58 99 78 29 35 14 76 12 0 
1 29 29 16 69 96 45 52 81 85 15 26 50 20 41 41 48 40 42 25 34 51 56 21 59 11 1 
1 64 43 10 54 12 29 95 97 83 100 13 70 92 43 21 30 31 51 27 69 62 56 99 100 83 0 
1 41 11 77 99 85 30 70 96 12 19 78 45 55 10 92 15 63 15 20 87 78 86 79 98 39 1 
1 39 19 58 48 66 88 43 43 94 88 57 38 66 25 72 90 57 62 25 48 36 37 47 94 59 1 
1 22 58 75 41 92 99 95 19 70 50 95 55 74 44 23 59 16 22 67 92 63 98 15 34 87 0 
1 66 36 79 62 47 27 84 62 84 53 83 63 45 44 72 31 43 94 17 72 50 32 99 63 27 1 
1 19 16 91 29 14 65 29 25 81 39 78 16 12 66 64 89 85 67 20 60 18 27 95 43 62 0 
1 47 73 22 51 14 19 72 88 96 17 10 69 97 86 82 91 51 58 31 82 67 87 50 43 24 1 
1 37 39 74 45 19 56 99 32 38 32 31 85 15 20 22 14 67 33 67 45 13 72 42 91 97 0 
1 10 16 51 79 74 81 19 27 97 96 21 98 35 10 50 66 74 78 18 42 96 85 30 56 60 1 
1 15 50 96 32 90 68 88 42 57 39 100 46 99 67 90 22 79 65 21 64 32 15 70 41 87 1 
1 45 46 19 86 89 21 10 83 91 60 50 97 40 20 99 19 76 90 37 85 47 33 58 83 60 1 
1 13 11 61 15 68 67 98 96 73 69 42 76 36 42 16 84 80 52 13 11 99 38 71 96 31 1 
1 97 24 60 21 44 47 35 80 60 81 34 94 74 59 82 39 60 89 44 96 30 43 71 21 74 0 
1 19 92 57 45 43 94 72 87 67 41 95 60 20 63 46 73 76 42 45 76 52 50 83 92 22 0 
1 84 12 55 78 90 67 63 74 64 55 65 33 55 17 84 23 50 75 48 24 38 94 22 58 57 1 
1 32 95 93 38 91 13 37 92 13 64 76 58 49 99 20 11 69 64 100 26 44 49 100 18 38 0 
1 90 55 83 43 79 99 88 47 69 81 30 23 92 73 59 26 28 93 22 79 12 56 78 41 37 1 
1 26 21 59 93 46 31 14 14 38 94 10 40 81 77 13 50 36 77 51 26 42 71 33 81 78 1 
1 54 14 48 32 53 67 81 99 80 58 93 95 36 90 14 72 24 36 28 66 74 21 88 72 39 0 
1 66 58 28 37 99 89 21 57 17 86 71 82 86 97 47 23 27 83 83 35 58 75 63 65 45 0 
1 16 23 11 10 78 89 68 53 60 61 68 20 18 46 78 100 61 74 78 50 85 78 40 40 92 0 
1 67 96 62 13 10 10 51 74 47 72 97 37 81 20 73 41 82 11 65 63 42 23 58 89 54 0 
1 63 17 53 79 47 33 78 33 84 87 85 38 87 28 25 36 83 34 36 98 86 70 68 56 93 0 
1 63 38 91 93 31 100 73 65 30 89 88 42 63 73 97 57 38 40 74 63 85 17 80 53 26 1 
1 15 84 95 44 66 10 53 37 60 73 86 58 43 74 13 77 63 86 88 27 95 99 71 84 37 1 
1 12 20 75 44 61 15 50 61 94 46 40 44 32 38 84 97 27 82 46 54 94 36 31 79 46 1 
1 36 27 68 21 34 62 22 38 98 10 98 10 73 62 80 56 38 90 32 24 80 44 25 90 67 0 
1 46 82 100 73 28 49 63 22 48 100 71 37 32 41 33 100 60 30 21 38 53 45 50 57 80 1 
1 23 24 80 28 95 15 30 48 60 48 62 83 34 59 94 55 74 36 44 59 98 49 52 55 87 1 
1 60 73 34 99 25 16 68 53 67 26 58 23 35 31 36 39 10 33 73 57 74 52 33 13 92 0 
1 81 97 12 57 88 87 58 17 97 53 26 23 24 51 65 28 10 20 82 61 64 19 44 51 59 0 
1 87 80 66 93 74 95 73 35 33 72 54 45 16 35 42 80 36 69 87 52 47 93 72 94 47 1 
1 34 90 35 15 66 67 40 86 83 11 10 76 44 52 65 30 35 83 81 47 12 11 58 33 66 1 
1 15 21 45 64 68 66 35 50 36 69 54 95 80 85 79 84 90 59 61 75 68 31 76 100 22 1 
1 19 20 26 15 42 88 12 25 58 91 77 46 77 13 43 73 88 32 95 51 14 31 60 47 59 0 
1 56 80 66 38 61 84 39 65 91 97 53 18 16 66 40 31 39 94 28 13 54 77 80 70 29 1 
1 42 60 84 46 32 68 37 84 67 49 14 19 38 98 46 94 43 64 68 83 45 75 88 30 32 1 
1 100 39 26 76 34 35 71 53 31 77 39 61 95 82 61 37 70 62 62 51 27 88 72 88 83 0 
1 62 63 17 12 91 17 38 80 53 44 46 24 52 10 51 28 56 95 16 43 13 78 65 82 46 0 
1 25 71 15 40 21 88 39 63 95 97 62 62 20 43 43 67 53 19 66 99 60 99 38 40 97 0 
1 15 31 41 36 39 39 47 80 93 93 21 46 10 58 97 90 27 24 99 23 21 71 26 30 51 1 
1 69 12 82 20 87 35 89 82 91 72 37 47 30 57 37 79 69 10 90 33 14 100 94 35 11 1 
1 98 76 24 95 56 93 57 76 71 55 74 40 31 53 97 50 14 76 67 27 88 87 23 25 41 1 
1 51 57 80 63 89 22 67 31 52 92 89 53 81 39 24 73 35 25 32 32 18 40 54 82 79 1 
1 85 44 23 18 41 46 13 44 48 94 92 31 62 66 77 27 51 86 41 64 40 86 98 20 26 0 
1 67 29 21 54 10 40 22 55 80 25 48 29 83 54 98 79 62 11 36 97 22 40 26 41 51 0 
1 63 93 10 68 28 82 23 21 58 93 74 42 67 43 10 85 40 100 99 34 15 22 48 20 84 0 
1 77 21 72 84 16 99 41 92 84 13 69 69 33 11 24 68 84 77 29 86 76 81 37 72 19 0 
1 15 64 99 27 96 86 83 12 73 72 56 97 97 25 12 85 28 46 78 45 81 86 30 13 41 1 
1 58 42 89 58 22 13 13 47 67 24 77 40 91 14 83 98 68 88 93 33 90 75 14 71 26 0 
1 41 69 47 22 29 19 74 100 41 48 50 49 68 86 88 35 68 100 13 13 44 21 97 23 96 1 
1 25 48 55 95 58 58 55 33 26 39 71 70 44 100 47 72 61 10 50 21 13 33 17 18 74 1 
1 88 67 17 18 90 71 39 88 79 27 32 70 17 42 12 28 15 62 47 18 42 78 44 57 46 0 
1 85 43 100 94 84 76 35 62 31 67 54 40 20 90 63 49 94 60 96 89 43 27 56 15 94 0 
1 72 43 65 81 11 61 24 66 99 63 22 35 62 62 98 92 30 94 100 65 100 29 47 76 25 1 
1 49 83 79 76 34 49 87 44 62 79 97 73 45 29 49 92 57 28 78 69 27 77 28 86 94 1 
1 18 90 36 93 92 23 66 90 98 26 71 60 35 64 63 20 39 82 32 85 89 97 70 41 37 1 
1 91 23 25 49 73 10 57 18 47 12 16 37 77 38 46 36 85 59 99 94 32 36 11 78 68 0 
1 86 28 14 66 30 77 40 35 92 20 57 64 59 66 51 88 78 17 80 54 59 37 96 20 100 0 
1 46 42 96 92 95 38 41 92 33 55 49 34 94 88 89 50 42 86 96 35 45 58 50 69 19 1 
1 32 15 84 23 46 19 94 43 61 12 99 35 77 29 86 73 64 94 23 25 99 28 98 33 45 1 
1 50 33 52 50 22 47 60 75 84 43 78 98 40 81 64 10 84 35 10 78 78 91 22 12 54 0 
1 73 45 90 55 85 70 73 48 64 100 34 41 42 64 43 52 39 72 18 26 14 70 38 20 30 1 
1 11 42 94 83 70 51 55 16 74 12 49 34 62 29 27 99 76 62 21 82 22 91 85 82 85 1 
1 81 85 52 20 25 90 40 36 88 44 31 77 25 34 64 47 43 75 32 19 66 87 15 98 26 0 
1 26 15 87 96 21 42 84 58 23 53 65 84 40 58 24 83 66 44 51 36 71 29 78 49 22 1 
1 87 92 21 84 21 29 55 15 42 97 14 61 17 18 47 47 61 51 59 44 78 39 80 70 29 1 
1 89 91 18 86 64 11 10 66 43 11 65 82 87 82 66 41 86 100 56 94 20 31 37 93 62 0 
1 61 73 92 59 13 91 74 82 80 41 99 67 41 49 98 59 26 53 94 67 69 52 77 74 51 0 
1 15 96 65 38 80 95 19 81 12 65 24 86 74 25 65 16 32 100 73 50 29 27 93 97 14 1 
1 92 60 95 61 11 37 42 71 31 93 92 48 56 21 33 19 24 13 84 84 32 10 77 46 33 0 
1 35 76 90 68 64 70 17 43 71 56 64 44 45 15 12 81 74 96 86 93 96 91 29 66 58 0 
1 85 78 40 58 18 28 24 96 83 86 21 79 48 37 88 11 44 84 15 60 63 42 45 95 85 1 
1 36 48 21 44 19 94 77 86 33 100 43 69 36 91 84 38 40 53 48 93 16 71 11 25 33 0 
1 42 86 20 96 92 56 47 14 18 68 80 47 64 99 64 73 70 28 64 33 71 17 70 57 33 1 
1 83 36 84 82 27 44 61 92 33 93 20 83 84 13 32 56 24 84 12 11 39 92 77 66 44 1 
1 67 36 98 45 17 10 94 100 10 72 68 33 30 20 27 12 100 51 53 21 74 45 24 93 44 0 
1 12 79 60 83 74 61 76 37 85 63 60 14 40 34 32 32 85 92 30 36 10 77 94 13 44 1 
1 51 95 13 49 66 69 93 11 96 88 66 92 19 90 78 26 88 18 30 73 25 35 44 83 89 0 
1 94 84 93 20 34 17 98 59 24 79 84 30 31 65 95 80 60 19 16 75 94 47 16 56 69 0 
1 47 19 69 82 53 79 92 72 50 74 46 39 37 66 43 83 44 64 79 60 76 26 76 48 11 1 
1 87 78 45 82 53 60 97 70 86 54 42 90 45 83 42 97 18 38 31 58 62 67 69 21 92 1 
1 63 86 64 29 70 65 57 58 88 41 18 70 94 73 34 19 96 84 14 99 52 69 94 18 23 0 
1 13 92 34 46 47 68 92 14 50 51 78 73 16 17 63 27 69 11 23 66 70 91 97 43 48 1 
1 31 85 66 40 41 82 64 90 63 62 78 76 18 73 32 61 25 19 24 14 83 84 88 11 63 1 
1 27 17 77 39 92 58 23 59 43 43 16 26 35 67 12 48 52 45 75 84 20 37 17 70 19 0 
1 29 97 73 28 89 48 46 76 95 12 30 90 18 33 97 41 59 39 95 85 50 31 11 37 64 1 
1 85 39 24 39 39 60 74 55 100 93 25 99 85 54 19 43 66 49 97 49 66 90 70 82 90 0 
1 76 85 70 91 79 29 86 18 80 40 54 31 95 60 47 74 72 74 45 87 61 81 38 17 24 1 
1 27 30 69 64 46 70 92 79 82 16 17 75 86 13 97 76 30 54 68 31 78 17 47 66 57 1 
1 71 91 63 72 78 59 81 98 35 41 45 64 65 37 27 37 23 97 43 96 18 90 19 35 42 1 
1 54 88 60 98 28 15 98 33 80 97 46 36 48 43 40 68 30 52 29 33 55 59 18 78 45 1 
1 22 31 57 72 40 41 78 88 61 27 96 97 61 36 85 96 89 41 66 96 74 91 16 52 60 0 
1 25 17 43 78 21 52 68 86 62 99 83 33 15 77 57 89 33 81 11 44 13 39 90 21 45 1 
1 99 92 42 47 94 66 24 94 95 48 71 89 92 81 49 84 66 68 53 42 86 15 41 90 47 0 
1 81 92 85 73 90 41 49 49 95 93 59 16 23 18 87 55 96 45 25 58 24 89 98 30 24 1 
1 97 39 54 67 98 87 95 49 66 54 49 35 20 14 22 65 27 61 61 41 32 61 89 45 51 1 
1 55 77 23 36 73 69 42 57 56 77 22 15 78 15 29 64 56 57 23 85 96 22 18 16 56 0 
1 98 18 74 33 60 50 15 57 94 14 54 70 87 50 58 67 17 73 14 62 43 64 58 12 37 0 
1 65 68 20 63 79 74 73 44 43 33 87 22 67 26 87 100 78 53 31 24 58 27 53 29 31 1 
1 37 12 26 18 37 98 52 36 30 21 95 79 20 44 55 81 55 32 89 41 70 63 46 66 20 0 
1 16 81 63 66 41 81 98 85 48 89 21 20 59 14 38 79 55 76 15 15 59 72 27 68 94 1 
1 52 78 88 26 63 12 45 15 33 16 77 44 45 19 18 78 35 58 94 59 37 97 30 65 100 0 
1 25 94 44 74 89 57 13 74 41 94 38 70 61 63 87 89 71 24 81 44 59 91 67 24 46 1 
1 24 45 59 54 51 12 62 34 64 13 90 44 77 77 15 76 97 18 22 57 51 35 30 61 50 0 
1 50 62 94 78 56 75 14 46 98 18 29 53 81 85 22 13 78 92 77 22 12 87 22 33 26 0 
1 16 29 35 24 72 95 47 12 26 24 96 98 10 96 87 86 21 20 96 37 71 40 83 48 63 1 
1 35 48 54 64 38 44 10 68 97 78 85 68 27 49 45 36 70 48 16 23 96 62 99 15 58 0 
1 46 62 24 58 94 98 85 54 27 35 100 54 73 15 75 88 48 71 95 91 100 36 24 43 46 0 
1 14 32 92 29 52 42 17 80 34 61 20 88 14 56 41 74 99 15 95 49 72 44 62 21 75 0 
1 19 25 82 57 78 93 48 62 87 62 35 16 43 50 25 63 83 92 80 96 14 97 26 82 76 0 
1 48 55 94 11 24 77 80 76 86 67 33 25 45 23 65 38 89 64 18 58 37 66 73 39 64 0 
1 48 45 30 54 56 11 43 42 10 17 41 67 41 86 90 14 77 61 97 53 81 10 87 10 69 0 
1 67 56 46 56 56 84 96 69 19 17 65 29 53 44 81 70 51 88 22 51 98 56 77 21 95 0 
1 51 93 66 74 61 70 36 59 52 90 90 58 60 34 16 94 31 31 61 90 87 47 91 67 44 1 
1 53 24 53 97 63 62 65 94 82 74 30 39 40 54 51 34 78 76 20 71 55 85 11 25 84 0 
1 67 61 79 84 13 10 67 52 15 29 60 21 92 77 74 85 78 86 25 76 75 38 93 15 14 1 
1 80 25 55 64 50 52 65 39 14 48 71 35 54 44 58 72 11 58 37 58 42 16 69 97 38 1 
1 51 49 94 17 23 36 39 14 49 25 93 52 22 15 64 57 37 70 75 84 56 69 42 96 97 0 
1 76 53 52 11 87 85 79 58 85 26 99 75 70 75 15 59 100 98 22 43 24 64 50 65 54 0 
1 77 97 56 97 12 89 67 60 61 97 11 85 68 93 92 78 95 47 90 45 36 88 38 15 68 1 
1 52 99 50 29 10 36 91 94 28 10 95 13 51 69 91 21 12 69 79 31 54 13 78 99 52 0 
1 80 63 13 76 81 47 78 22 96 97 10 33 28 83 52 93 20 12 63 32 15 27 83 28 90 1 
1 64 73 88 93 95 74 66 19 90 44 35 94 39 77 97 56 79 62 25 74 87 12 48 84 79 1 
1 53 93 89 60 99 60 20 42 47 75 97 20 50 95 78 98 35 20 60 84 91 91 37 74 78 1 
1 94 43 12 78 52 52 88 57 74 56 67 46 97 72 90 35 56 95 96 70 66 82 55 50 42 0 
1 28 18 21 32 23 40 55 84 54 71 79 78 96 43 31 93 36 30 88 27 75 55 23 91 92 0 
1 32 53 80 43 27 74 76 93 80 79 76 91 32 41 17 23 54 86 80 83 47 82 64 97 85 0 
1 60 95 32 36 38 94 60 94 80 74 51 23 30 46 12 37 75 42 95 25 43 84 73 30 73 0 
1 19 75 15 49 69 18 84 41 30 44 90 37 49 78 39 71 51 24 37 64 80 12 28 97 16 0 
1 15 12 47 60 12 70 32 83 93 45 90 26 24 44 34 52 41 63 25 29 75 81 42 52 19 0 
1 54 62 16 25 32 93 49 45 13 58 97 39 20 92 68 32 25 24 57 79 21 67 40 82 76 0 
1 79 35 53 50 66 18 40 34 97 27 40 33 66 95 19 34 77 97 43 60 26 17 60 63 49 0 
1 73 22 64 66 65 22 37 24 57 77 69 78 21 63 21 93 30 72 75 28 22 46 49 87 82 1 
1 80 63 57 46 82 62 57 93 96 36 28 90 87 36 52 55 34 24 39 60 62 43 34 77 49 0 
1 53 70 76 70 37 31 89 58 48 38 15 98 72 29 65 69 19 58 30 35 95 84 94 70 17 1 
1 73 60 51 86 77 66 70 55 48 52 31 16 56 30 48 21 20 19 53 93 22 52 18 98 46 1 
1 88 56 31 32 21 66 10 100 30 15 37 78 26 35 40 28 97 20 45 82 19 75 87 49 37 0 
1 78 87 56 27 95 82 61 98 47 97 27 74 81 25 40 96 34 47 17 85 52 100 74 99 18 1 
1 59 91 31 13 40 83 25 58 57 31 44 53 19 48 47 59 21 63 13 42 32 34 20 53 53 0 
1 35 60 24 48 56 26 44 65 99 56 93 34 15 49 84 20 59 71 83 70 100 60 94 92 58 0 
1 85 74 48 32 20 99 90 16 69 68 77 15 94 61 96 51 16 82 83 13 91 48 68 89 96 0 
1 61 70 31 61 97 64 12 52 12 62 65 41 19 88 77 87 77 78 16 10 35 63 68 25 96 1 
1 84 30 10 50 48 97 37 56 61 47 100 20 35 49 11 90 99 46 13 96 93 50 89 28 30 0 
1 79 12 43 41 37 94 100 41 46 100 14 39 92 86 87 16 29 25 81 21 68 87 50 99 85 0 
1 53 18 49 95 83 71 95 44 52 52 93 61 29 78 49 16 92 74 37 46 22 58 71 61 20 1 
1 49 94 24 90 19 50 32 83 41 84 69 33 95 67 97 68 28 30 30 89 44 73 98 19 66 1 
1 75 91 91 18 61 48 43 17 54 24 26 91 87 94 51 90 85 19 49 63 84 58 40 28 12 0 
1 71 20 64 77 68 81 65 39 41 59 83 76 66 48 34 53 64 96 80 95 78 46 48 82 28 0 
1 49 81 60 33 46 43 70 85 49 74 60 67 43 42 92 90 71 59 26 86 71 15 98 40 20 1 
1 92 23 35 83 90 71 84 53 50 23 53 74 94 99 48 54 64 46 85 37 83 86 43 16 59 0 
1 25 42 17 91 65 76 43 68 22 19 81 27 16 68 87 45 78 46 18 80 83 31 89 53 58 0 
1 46 55 23 31 98 22 36 31 98 18 52 37 45 20 60 48 47 58 64 17 48 90 65 68 40 1 
1 80 50 89 72 49 61 16 96 34 57 40 85 68 62 63 12 88 65 27 63 25 95 50 85 88 0 
1 82 38 64 37 91 44 93 60 92 91 16 56 54 74 26 74 45 16 37 49 55 24 58 54 49 1 
1 18 30 55 89 73 47 42 99 94 71 87 97 29 34 78 23 42 13 78 86 92 63 30 61 20 0 
1 52 59 94 89 42 73 85 41 72 28 81 23 16 39 49 82 64 39 25 84 88 79 93 28 50 1 
1 85 56 10 59 40 45 45 63 88 76 40 67 67 52 91 92 36 28 18 96 29 12 56 59 42 1 
1 24 11 84 91 42 69 97 27 66 100 81 100 50 42 86 17 98 60 74 39 59 72 60 55 24 1 
1 91 57 51 76 23 69 29 15 94 63 98 92 19 76 94 47 73 95 86 99 82 44 15 57 15 0 
1 20 59 27 44 76 45 52 50 76 28 60 90 87 80 58 15 100 69 79 99 11 77 31 72 31 0 
1 79 57 23 31 19 42 48 75 81 100 88 51 90 93 19 42 20 25 49 17 78 75 87 85 16 0 
1 40 71 85 48 53 59 52 15 85 15 28 14 77 60 38 33 73 44 83 16 18 41 14 74 10 0 
1 23 93 36 69 13 16 35 65 64 65 28 25 23 51 11 87 39 72 48 36 90 36 92 50 100 1 
1 78 54 94 79 50 71 68 86 14 45 61 37 29 41 64 20 89 30 19 99 66 10 39 86 54 0 
1 16 86 27 87 46 35 23 95 54 31 20 41 22 32 34 80 40 83 32 50 63 87 13 100 25 1 
1 23 32 26 56 78 16 67 75 39 44 69 58 44 41 68 20 19 34 88 41 89 74 100 72 31 1 
1 66 93 12 34 33 81 40 28 12 16 65 87 93 33 94 18 67 15 27 52 10 69 20 96 50 0 
1 24 39 60 76 99 20 22 82 58 46 32 12 59 18 85 24 23 78 23 47 67 71 28 38 42 1 
1 90 25 85 36 50 51 41 28 56 12 10 78 78 18 97 59 26 100 46 36 70 93 32 42 96 1 
1 88 91 80 30 98 37 81 90 53 72 16 54 96 49 34 63 32 21 88 11 58 80 61 17 35 1 
1 63 100 43 70 78 95 84 97 76 16 36 81 30 10 69 31 100 11 16 69 19 44 52 12 74 0 
1 95 72 24 76 56 92 24 53 62 55 46 30 33 86 42 94 99 77 42 38 53 93 73 90 100 0 
1 50 16 24 49 75 71 65 60 74 31 88 66 86 16 94 44 78 100 16 38 39 25 92 88 72 0 
1 73 18 59 50 65 87 66 96 17 83 25 32 25 15 93 61 71 23 11 53 61 45 36 77 82 1 
1 28 13 22 25 26 69 93 16 86 61 51 79 85 100 87 33 66 53 19 67 71 96 91 15 66 0 
1 96 85 43 88 38 35 26 61 53 32 92 21 88 35 89 35 68 68 39 11 88 59 22 61 71 0 
1 24 80 52 63 38 43 91 51 66 59 22 15 54 85 95 88 84 78 74 39 89 65 72 33 80 1 
1 19 95 18 51 29 78 27 76 75 17 51 59 73 27 15 84 47 92 22 29 28 34 71 73 28 1 
1 73 48 40 53 55 57 74 43 70 74 57 17 39 70 13 78 90 44 59 34 82 63 32 74 29 0 
1 78 94 70 22 71 88 20 13 52 33 56 31 48 42 57 61 62 52 71 75 53 17 93 74 52 0 
1 46 49 17 56 55 21 48 34 78 65 84 67 60 41 91 90 30 38 16 11 40 13 31 12 71 1 
1 40 84 62 46 87 33 80 57 43 12 48 14 13 95 15 44 70 25 47 97 83 32 28 32 52 0 
1 76 17 22 39 41 16 68 41 55 99 57 22 55 73 47 99 81 65 52 20 55 96 69 64 88 0 
1 72 42 74 51 99 44 61 36 15 66 70 48 29 67 66 50 63 89 15 80 44 84 37 33 85 1 
1 71 71 100 20 76 93 88 34 88 38 94 42 75 76 52 24 100 86 14 10 12 55 70 98 35 0 
1 12 20 45 54 85 74 98 86 30 66 76 57 12 76 56 88 31 18 38 85 51 72 32 56 79 1 
1 16 60 30 63 45 91 41 51 55 13 87 20 44 72 14 60 58 23 14 83 79 28 94 100 85 0 
1 43 28 65 98 85 97 26 68 94 71 48 96 25 29 37 81 31 69 92 49 47 95 95 99 99 1 
1 100 29 40 83 79 97 33 49 79 58 12 48 56 22 16 19 52 58 65 88 69 81 59 98 19 0 
1 90 52 79 90 78 17 30 57 38 51 78 65 28 55 95 36 24 86 46 70 74 72 13 11 15 1 
1 97 17 70 48 46 27 98 39 64 23 67 41 34 49 28 30 61 70 70 74 69 58 40 73 73 0 
1 56 48 84 48 29 80 90 38 22 77 26 72 87 76 47 49 85 66 66 94 29 21 31 38 29 1 
1 83 51 76 13 33 92 26 62 23 87 93 69 38 75 20 54 98 28 39 50 82 68 46 86 45 0 
1 90 92 54 96 84 84 92 70 80 90 44 23 11 71 49 19 57 65 90 48 48 28 10 50 30 1 
1 53 81 97 16 50 13 81 31 80 83 65 39 74 91 84 16 49 98 34 61 24 20 55 20 41 1 
1 54 21 84 34 87 69 84 42 87 69 76 24 37 38 85 93 66 89 55 18 55 99 88 18 91 1 
1 52 37 69 15 82 55 27 36 95 26 31 44 94 63 77 56 19 93 87 54 86 79 82 61 10 1 
1 33 86 12 40 89 28 60 91 59 89 28 87 51 61 28 59 78 21 35 73 24 84 88 15 38 1 
1 40 90 32 79 92 66 29 86 43 88 82 88 80 64 98 12 66 58 30 39 12 36 19 45 93 1 
1 67 45 50 62 42 89 44 76 80 39 12 90 71 22 34 80 43 58 47 86 30 64 36 95 93 0 
1 97 31 44 19 40 22 17 93 41 72 51 87 56 25 36 17 37 41 83 99 32 68 84 24 90 0 
1 45 95 78 76 21 82 59 71 21 42 84 100 52 57 87 44 100 59 52 80 100 37 39 43 73 0 
1 88 53 89 83 49 41 87 27 31 24 86 60 86 90 98 91 56 97 17 59 42 53 82 92 22 1 
1 79 72 95 20 36 14 66 45 47 27 51 19 55 30 92 89 52 20 42 90 32 30 37 81 87 0 
1 26 80 29 69 52 49 45 27 45 21 93 52 16 87 11 35 33 91 32 77 69 44 16 21 50 0 
1 75 10 29 99 40 37 79 11 26 87 21 36 13 19 34 61 50 49 89 19 36 49 93 45 64 1 
1 59 59 80 95 56 27 24 54 17 53 72 39 23 24 59 88 20 28 73 91 62 51 75 48 29 1 
1 11 81 72 31 94 24 49 20 81 22 81 76 29 74 84 28 73 45 90 85 83 12 61 51 26 1 
1 33 83 32 55 34 44 48 17 25 37 77 48 10 95 65 100 37 76 54 36 84 33 34 91 71 1 
1 74 94 31 44 21 18 31 54 25 27 94 11 37 23 95 80 29 55 41 17 87 69 50 28 42 0 
1 97 33 55 37 90 68 14 75 48 29 80 79 95 43 47 22 66 92 63 80 13 75 19 40 67 0 
1 22 33 42 99 17 39 97 27 98 15 31 60 51 91 98 61 36 73 52 85 61 87 48 88 89 1 
1 30 65 99 59 61 34 57 44 25 72 36 15 79 12 50 37 92 26 35 64 72 48 27 46 55 1 
1 22 40 37 94 40 29 90 35 81 74 16 92 83 22 35 14 95 29 45 95 67 37 16 80 56 1 
1 81 75 45 87 58 17 50 50 30 50 59 97 15 28 43 59 73 73 29 43 23 89 32 88 85 1 
1 38 86 12 61 89 95 65 87 45 75 73 87 55 89 46 74 58 21 87 82 24 14 92 50 61 0 
1 47 90 48 22 38 94 20 74 65 72 91 97 33 31 51 48 18 19 88 80 87 12 56 43 74 0 
1 48 26 86 61 59 92 71 77 93 67 84 99 37 81 16 10 71 62 79 80 21 51 30 10 81 0 
1 18 36 90 40 42 82 99 12 24 49 51 80 75 100 13 20 41 12 74 75 69 41 53 27 37 0 
1 10 17 76 54 70 66 51 38 92 52 56 28 67 95 25 18 43 63 38 83 20 37 54 36 63 0 
1 59 81 84 74 83 27 89 50 23 60 80 14 95 51 31 98 36 25 31 16 66 68 38 41 85 1 
1 68 38 43 89 44 39 27 20 49 42 27 14 36 92 82 82 39 84 43 97 36 12 72 80 47 1 
1 16 56 52 14 53 88 30 37 12 90 90 66 18 19 83 63 68 40 96 48 73 31 94 43 60 1 
1 21 46 45 52 72 55 19 33 39 77 67 68 13 32 99 85 62 70 15 10 44 92 84 66 81 1 
1 44 33 27 25 79 69 35 23 41 19 84 98 65 77 30 21 57 94 12 48 98 81 18 91 49 0 
1 17 88 78 95 87 56 77 94 57 63 30 51 24 38 79 15 93 89 24 26 29 97 10 88 54 1 
1 33 31 99 12 96 74 63 30 12 93 45 37 98 36 59 69 77 55 95 46 51 53 19 96 53 1 
1 58 93 47 32 100 99 27 62 61 23 44 18 61 14 20 86 67 70 58 25 35 20 79 64 13 0 
1 87 82 29 61 97 58 34 88 79 51 75 23 38 44 33 72 96 78 56 78 10 49 30 32 34 0 
1 79 94 96 21 20 93 54 41 63 72 97 52 59 68 41 83 38 92 60 88 90 35 36 18 41 0 
1 38 53 20 51 92 11 30 48 32 55 80 35 89 60 90 85 71 88 71 78 59 48 82 50 43 1 
1 47 54 49 90 19 53 24 99 17 40 82 27 38 35 61 18 29 34 95 66 25 43 51 85 43 0 
1 63 64 69 40 30 82 25 77 63 70 61 67 64 63 69 24 55 14 47 18 52 65 15 35 78 0 
1 25 12 95 30 69 93 44 85 38 56 30 83 74 82 47 81 58 93 26 83 73 92 86 64 64 1 
1 86 78 77 56 30 10 48 20 24 13 49 100 25 69 61 41 19 94 34 16 13 89 52 27 53 1 
1 18 70 53 17 20 81 50 23 22 13 32 41 35 32 61 18 29 81 82 13 76 94 81 45 71 0 
1 19 78 54 62 74 64 55 28 37 100 43 42 50 14 20 50 62 52 100 30 92 69 45 97 53 1 
1 47 85 37 48 56 100 55 13 99 73 96 15 25 77 16 50 23 54 40 60 52 21 62 52 60 0 
1 70 50 12 13 86 63 74 53 65 87 89 62 34 19 100 53 32 25 100 97 54 79 61 60 58 0 
1 62 56 18 19 33 26 43 77 31 10 65 91 34 33 12 32 96 70 52 39 36 22 91 72 28 0 
1 41 23 34 67 20 10 65 15 46 98 64 68 97 76 38 10 92 74 51 90 60 18 71 25 80 0 
1 57 93 74 92 79 98 92 34 68 99 22 100 80 34 64 49 35 99 65 68 36 61 38 18 73 1 
1 70 38 95 77 34 81 27 24 100 90 68 15 97 55 52 14 39 46 38 23 81 40 22 99 55 0 
1 74 91 77 84 21 73 20 66 71 48 86 89 57 26 84 66 34 80 74 90 31 43 72 60 42 1 
1 64 56 61 25 43 100 84 80 21 22 51 20 90 39 58 90 93 13 15 12 80 99 84 83 93 0 
1 79 80 78 22 34 48 90 69 82 24 34 65 40 92 77 79 68 21 20 42 44 35 98 93 35 1 
1 91 21 66 39 32 43 49 96 78 99 41 88 82 85 12 48 28 46 59 63 97 38 76 100 92 0 
1 36 31 95 37 54 29 10 46 19 24 75 47 51 45 98 15 19 71 64 46 58 54 24 24 23 1 
1 79 45 48 80 65 38 41 41 96 52 61 32 100 78 15 85 38 62 75 49 29 96 83 76 18 0 
1 10 27 99 69 95 62 71 71 31 93 82 23 70 59 25 54 91 18 90 59 80 62 96 51 17 0 
1 63 24 25 84 58 87 56 28 81 17 33 89 28 29 83 63 74 66 65 29 99 17 55 48 91 1 
1 21 16 57 50 67 81 19 78 18 78 22 67 22 73 97 38 73 21 35 67 16 48 27 36 84 1 
1 95 40 97 75 99 71 86 65 85 60 22 61 18 80 22 71 53 59 63 58 22 34 86 65 50 1 
1 69 78 97 53 62 16 90 73 29 27 69 60 24 89 83 79 32 70 75 47 70 44 63 71 70 1 
1 54 48 35 81 99 60 99 83 11 86 86 68 72 40 54 33 12 47 63 65 39 72 12 100 76 1 
1 29 39 11 46 79 22 36 51 65 25 25 71 44 68 24 50 30 90 22 84 26 41 69 77 68 1 
1 30 99 45 85 36 43 22 34 70 56 22 24 36 36 23 62 17 67 60 98 81 30 17 75 39 1 
1 37 59 44 85 31 87 58 59 38 95 89 20 42 40 76 59 23 93 57 57 29 39 45 46 63 1 
1 75 18 79 61 98 61 12 51 69 88 65 62 82 27 83 34 37 46 16 46 18 72 15 60 41 1 
1 66 90 89 69 86 35 13 32 18 35 91 60 38 16 58 75 62 57 63 42 38 29 53 72 45 1 
1 37 48 12 50 44 23 25 14 64 21 40 71 31 13 61 72 48 80 23 98 20 90 45 34 10 1 
1 36 68 17 97 74 56 45 17 10 82 58 84 62 85 31 42 28 12 49 85 24 79 28 72 69 1 
1 74 86 88 18 49 91 48 47 88 70 70 81 80 40 66 20 16 31 59 94 37 54 19 51 21 0 
1 38 77 15 61 59 77 27 54 92 41 87 43 43 22 89 12 84 29 77 28 68 13 75 99 44 0 
1 78 67 91 92 58 74 74 35 86 81 63 66 64 88 53 69 49 69 29 79 17 80 37 13 40 1 
1 55 25 46 59 100 87 76 66 70 12 62 61 19 10 86 74 96 48 21 57 19 36 35 81 64 1 
1 30 50 31 75 43 54 34 48 11 97 86 69 87 61 82 97 83 74 93 28 24 99 67 19 22 1 
1 86 91 71 19 50 43 60 30 34 15 89 75 62 84 45 52 23 35 47 81 31 25 72 72 13 0 
1 69 45 69 77 82 95 51 21 16 80 15 52 84 72 74 50 52 47 10 49 96 97 60 82 75 1 
1 43 91 70 70 13 21 50 95 93 90 53 99 69 78 70 47 67 98 43 33 75 95 92 57 83 1 
1 71 15 36 58 24 12 71 59 46 96 93 40 66 64 87 98 77 99 45 43 49 74 10 59 52 1 
1 70 92 68 21 59 69 79 93 75 46 99 32 97 27 50 85 55 49 61 58 84 97 70 80 72 0 
1 14 59 14 66 78 87 20 61 57 100 29 37 47 91 13 49 35 84 34 73 38 15 65 63 22 1 
1 25 77 37 23 86 100 98 11 29 38 13 69 64 24 69 58 20 50 94 38 33 29 81 25 60 1 
1 69 34 79 78 63 55 68 15 51 86 25 32 37 72 51 55 57 50 95 71 82 55 14 87 93 1 
1 100 75 94 25 26 38 36 72 93 50 37 14 63 88 90 93 30 20 98 39 98 45 52 47 37 0 
1 98 18 99 43 37 24 33 85 51 11 95 72 67 95 74 47 68 69 23 94 94 27 41 80 83 0 
1 28 35 85 38 90 14 49 99 48 22 50 15 61 87 75 23 42 95 68 19 62 91 37 96 63 0 
1 29 23 82 26 25 45 29 84 94 79 40 70 86 60 53 57 70 84 45 58 76 46 58 76 44 0 
1 74 34 93 85 42 69 18 14 35 48 55 82 25 93 72 32 60 22 88 25 93 18 75 21 20 1 
1 31 59 79 28 64 41 23 11 35 49 45 99 85 32 10 62 97 74 33 37 12 13 99 58 83 1 
1 53 44 23 67 44 89 33 41 96 99 87 69 34 89 47 90 37 48 86 74 29 76 84 75 25 0 
1 39 47 98 95 60 12 45 99 59 85 87 16 71 73 36 82 63 69 93 38 92 33 77 52 78 1 
1 24 33 54 47 32 49 68 10 28 60 21 81 87 18 36 32 24 19 12 87 97 66 42 44 34 1 
1 27 72 12 85 95 18 36 70 34 52 90 82 21 67 67 87 56 20 15 71 35 24 93 61 48 1 
1 86 15 51 93 45 29 53 49 74 43 71 66 71 18 17 97 16 85 91 56 34 58 82 82 32 1 
1 100 60 37 30 58 58 66 26 93 22 67 46 60 37 18 31 18 18 93 17 51 10 73 22 25 0 
1 39 41 78 94 63 78 50 54 99 70 13 61 98 64 20 41 84 13 27 90 50 17 25 72 91 0 
1 17 59 48 46 56 97 79 27 89 71 77 42 67 44 61 39 78 59 79 23 91 77 52 79 59 0 
1 15 65 97 46 98 100 74 58 19 72 17 58 50 26 32 52 31 63 93 73 83 83 24 100 11 1 
1 93 15 70 39 45 44 10 11 69 50 23 96 47 53 91 72 74 45 96 91 36 39 22 11 77 0 
1 82 84 70 99 91 90 79 55 43 48 81 79 31 30 48 29 33 10 31 25 79 26 42 79 81 1 
1 54 15 18 78 75 75 58 34 79 81 12 75 49 36 17 48 52 48 50 52 79 54 44 90 30 1 
1 73 32 87 61 63 99 41 39 64 96 83 34 17 17 83 25 78 82 82 81 59 39 31 28 71 0 
1 60 26 17 20 54 70 98 99 28 52 54 19 65 20 15 51 47 44 34 79 98 19 58 94 32 0 
1 90 21 23 37 57 30 74 86 35 72 13 69 17 72 73 84 34 76 97 66 25 87 52 25 94 1 
1 93 88 73 18 26 32 36 15 37 69 52 32 16 35 50 30 14 90 17 23 69 15 99 84 13 1 
1 33 96 94 32 73 81 77 40 62 63 99 80 30 44 65 75 90 42 13 12 92 36 90 91 13 1 
1 93 70 44 87 91 31 79 71 56 57 79 35 48 36 48 72 12 31 29 34 23 12 71 66 34 1 
1 79 24 70 21 48 49 88 23 30 79 28 55 64 65 35 98 77 41 56 54 57 77 25 44 45 1 
1 74 61 32 72 83 17 58 45 39 28 75 20 63 12 48 76 35 17 97 44 96 15 17 17 57 0 
1 41 73 36 98 71 86 46 25 100 29 92 33 45 35 98 55 16 43 39 28 58 83 35 64 93 1 
1 69 14 49 95 66 27 11 21 48 13 12 33 66 12 78 43 64 12 19 62 26 77 21 39 83 1 
1 20 92 28 38 100 96 79 44 52 38 77 24 51 68 47 24 18 56 53 93 38 21 41 86 46 0 
1 99 22 79 17 15 74 72 39 84 38 100 14 33 11 24 77 49 56 58 83 91 65 80 50 39 0 
1 63 84 62 100 100 100 11 72 75 24 57 21 38 96 48 21 47 89 31 67 100 64 10 93 68 0 
1 76 11 16 71 82 20 28 100 23 56 24 60 63 92 53 52 76 10 58 73 36 56 81 99 88 0 
1 91 42 83 92 22 47 18 77 66 26 50 84 48 80 48 92 52 31 23 22 22 97 29 95 77 1 
1 19 90 87 74 91 75 48 36 36 54 63 28 32 20 78 99 59 73 38 90 13 95 30 17 65 1 
1 98 82 99 93 87 21 60 82 72 20 13 95 63 54 25 53 68 50 38 21 56 75 64 39 92 1 
1 90 58 20 71 56 49 72 97 86 38 63 14 36 81 22 26 11 90 69 17 61 10 70 61 79 0 
1 26 90 19 22 88 47 20 22 27 21 85 35 52 38 23 60 60 55 95 29 15 79 16 77 96 0 
1 42 37 76 26 48 31 22 76 22 87 80 45 57 85 19 68 48 51 97 71 54 54 80 86 50 0 
1 74 57 33 37 79 39 55 98 97 44 47 51 68 30 87 62 67 42 35 93 89 54 78 68 43 0 
1 51 18 30 16 84 58 71 24 55 45 19 46 76 90 10 64 98 51 98 14 76 58 42 56 41 0 
1 10 74 34 40 57 84 10 47 18 46 43 27 30 94 47 43 45 27 76 70 59 78 69 99 62 0 
1 18 46 57 43 24 21 48 31 98 63 54 17 41 16 32 20 57 53 88 30 78 23 82 49 56 0 
1 27 68 65 90 16 54 95 29 94 39 70 45 48 52 12 43 20 64 60 32 23 100 41 49 36 1 
1 49 96 56 79 87 76 54 41 35 40 47 25 95 93 10 35 30 26 88 42 88 75 17 82 73 0 
1 92 93 44 55 22 12 78 83 32 97 19 35 79 61 47 44 42 79 40 31 24 99 37 80 18 1 
1 92 10 91 27 59 98 50 35 80 24 82 49 13 22 49 86 41 77 36 70 88 39 19 87 29 0 
1 67 98 88 34 72 21 95 63 33 77 76 47 96 38 32 56 12 64 23 96 47 76 74 94 13 1 
1 90 46 89 37 48 34 28 95 92 61 28 10 80 98 25 31 11 83 58 24 34 57 56 24 34 0 
1 34 64 39 48 61 86 52 82 93 55 18 19 67 81 89 66 52 12 50 94 31 99 43 27 91 0 
1 22 51 99 53 84 37 81 65 46 83 49 96 58 91 37 90 26 46 99 39 91 68 37 65 26 1 
1 89 12 20 12 20 82 100 31 59 65 79 90 52 75 37 71 77 92 14 36 52 23 47 34 52 0 
1 86 81 89 20 50 84 68 13 69 79 49 83 92 58 93 14 91 78 51 76 82 55 88 11 53 0 
1 22 62 36 23 48 74 76 14 46 67 42 18 36 76 40 94 91 68 82 16 97 47 45 54 64 0 
1 91 63 94 34 21 72 64 29 94 29 74 24 99 11 73 37 68 16 30 30 73 78 84 20 55 0 
1 18 93 53 41 28 11 100 30 22 41 30 70 76 40 37 89 68 20 58 27 44 97 31 67 17 1 
1 96 87 75 52 41 93 69 77 66 66 98 91 42 85 84 82 51 31 21 82 51 72 97 13 20 1 
1 77 32 67 47 20 63 49 82 95 18 93 43 84 100 48 27 44 59 52 42 88 67 84 68 97 0 
1 53 44 59 36 18 12 74 87 82 85 63 63 48 24 35 38 19 70 49 59 21 28 77 33 100 1 
1 23 12 50 99 10 58 14 90 98 20 21 94 68 32 80 86 65 83 38 23 51 40 20 40 52 1 
1 91 52 10 83 78 37 88 64 66 67 49 88 22 46 74 67 35 61 51 88 44 10 81 68 64 1 
1 10 24 57 74 50 70 91 16 54 68 55 28 32 99 61 89 40 27 51 17 45 33 68 48 12 1 
1 59 26 13 90 84 11 93 19 29 68 64 69 26 86 85 78 16 90 38 19 33 45 41 21 69 1 
1 40 41 90 55 46 61 70 55 51 35 43 19 55 35 11 47 86 54 22 31 36 69 86 27 36 0 
1 75 92 19 84 70 85 72 76 91 22 25 30 39 19 73 98 68 42 16 12 62 70 21 63 39 1 
1 64 20 57 27 16 99 13 57 66 28 37 13 33 95 36 40 36 68 29 86 82 17 67 38 39 0 
1 50 60 59 55 76 91 84 74 53 88 97 34 76 62 76 78 11 52 27 54 25 41 66 83 48 1 
1 14 89 16 75 23 23 47 63 86 31 51 54 81 59 66 79 54 92 26 74 31 17 89 94 37 1 
1 69 58 99 44 95 69 88 23 28 99 70 11 42 90 68 21 44 60 95 27 59 66 55 30 41 1 
1 33 54 37 29 26 84 38 25 30 34 95 41 58 78 32 32 12 88 89 78 84 81 45 11 29 0 
1 56 59 57 72 28 23 83 14 93 36 33 49 48 87 29 52 59 70 43 82 42 26 22 50 27 1 
1 61 55 38 54 86 75 92 54 16 30 91 45 50 76 15 82 20 90 85 69 69 21 34 23 57 0 
1 17 35 82 67 27 54 17 23 91 67 95 22 99 30 62 70 39 98 90 93 21 56 49 41 13 1 
1 42 67 30 78 58 11 86 29 59 75 62 32 31 64 79 94 37 35 47 69 98 68 84 57 53 1 
1 30 78 75 19 66 78 32 78 75 63 43 69 51 62 61 43 40 64 12 93 18 28 75 56 91 1 
1 35 70 20 43 66 91 39 16 72 18 29 68 20 62 56 17 22 81 94 85 46 82 72 88 93 0 
1 57 71 10 27 53 39 97 26 97 90 73 57 55 46 49 77 40 32 13 77 82 41 89 64 62 1 
1 98 10 97 69 70 21 31 30 80 43 83 12 13 21 51 11 66 57 47 35 75 31 19 79 38 0 
1 47 86 70 14 24 52 95 65 47 84 96 80 56 10 25 30 89 97 54 75 12 41 11 71 55 0 
1 76 74 82 57 93 67 95 95 31 41 21 36 88 53 31 32 55 24 44 35 84 89 98 30 83 0 
1 88 58 80 29 11 15 50 76 14 30 56 74 52 83 12 11 46 27 85 66 68 68 36 55 77 0 
1 31 56 61 26 76 83 48 67 84 19 65 65 23 95 49 96 12 12 48 26 56 60 61 92 60 1 
1 95 41 29 78 88 71 12 46 11 91 85 88 16 61 66 26 51 94 14 68 79 21 96 82 75 1 
1 72 62 10 86 82 54 92 55 86 64 37 100 88 36 40 80 15 31 92 83 38 55 42 13 32 1 
1 67 100 64 88 80 17 70 97 82 74 13 60 95 64 35 49 45 43 44 75 65 11 69 93 21 1 
1 82 96 100 25 94 24 48 41 46 36 69 44 18 32 53 22 83 63 100 50 13 39 32 27 38 0 
1 24 38 42 85 71 16 22 44 62 23 41 26 24 11 48 90 10 93 38 11 73 25 90 61 85 1 
1 69 40 91 53 49 58 99 44 69 19 91 28 85 44 42 89 62 97 71 89 25 83 65 100 10 0 
1 94 45 94 41 74 59 70 75 83 35 62 12 42 61 17 42 41 90 24 85 68 85 13 36 22 0 
1 40 12 22 73 72 20 67 54 70 26 48 21 89 60 25 23 83 84 55 72 27 38 74 19 15 0 
1 54 24 53 90 84 16 70 74 83 50 70 36 81 36 45 78 81 32 29 48 29 21 50 84 89 1 
1 33 48 76 89 67 50 69 32 28 96 88 79 47 58 17 89 62 83 75 63 35 52 78 96 46 1 
1 73 32 34 78 93 49 74 57 13 65 40 31 40 73 17 44 52 10 17 12 88 71 97 70 22 1 
1 29 49 82 97 80 47 77 87 83 70 58 83 53 21 17 93 29 41 85 47 82 36 26 89 80 1 
1 64 30 31 74 81 72 76 13 36 73 11 73 93 33 40 87 66 23 83 26 52 34 33 29 19 1 
1 66 84 47 64 22 56 65 86 26 74 55 31 95 91 37 40 25 12 99 60 100 57 33 91 12 0 
1 13 93 46 42 90 14 35 78 76 100 69 64 55 89 98 88 75 28 76 22 39 20 100 81 48 1 
1 89 42 92 21 41 32 86 49 27 39 90 75 29 33 76 65 60 98 75 43 46 68 98 40 82 1 
1 68 59 81 46 16 67 63 26 85 99 97 57 23 92 14 15 84 67 96 62 30 69 91 53 98 0 
1 54 33 55 60 41 43 59 60 94 33 71 63 66 41 85 80 73 76 26 68 99 87 34 92 43 0 
1 95 38 98 82 81 37 21 51 98 99 11 31 95 57 77 97 52 99 47 51 79 26 68 95 37 1 
1 50 68 99 34 18 86 64 73 60 11 84 53 34 97 56 40 100 71 39 92 44 65 30 100 40 0 
1 32 88 47 19 52 93 86 27 62 90 62 13 55 25 39 10 81 41 35 93 26 71 33 89 38 0 
1 63 90 93 52 80 44 69 10 97 25 52 33 74 50 90 25 92 69 44 26 94 14 76 92 88 1 
1 40 25 95 61 67 32 85 55 23 26 59 18 87 31 91 15 47 72 42 49 79 73 100 55 54 1 
1 89 15 70 98 87 25 68 55 12 100 22 58 94 53 89 87 59 13 72 91 81 44 42 70 58 1 
1 89 26 75 10 31 97 53 23 23 17 80 87 92 57 96 69 88 98 90 96 27 63 58 59 68 0 
1 74 96 31 85 51 35 70 21 28 87 48 89 57 39 10 77 87 37 99 82 18 98 49 40 52 1 
1 93 95 39 37 84 33 39 85 26 84 36 30 60 83 37 78 30 30 21 74 90 59 22 62 16 0 
1 67 92 54 16 14 41 17 85 25 74 10 88 49 27 23 53 96 40 15 29 34 12 48 100 31 0 
1 31 22 34 55 11 13 33 71 79 36 61 57 45 73 70 42 29 47 63 39 86 44 67 70 89 0 
1 95 59 54 42 49 95 41 16 73 20 90 47 48 23 75 32 88 37 53 76 35 78 18 40 62 0 
1 73 33 46 90 57 42 40 89 48 53 73 88 61 73 50 77 18 72 71 94 55 26 40 52 81 0 
1 30 88 37 42 32 92 30 83 29 84 89 93 70 61 15 15 52 25 61 17 63 40 29 34 42 0 
1 22 74 14 38 94 91 67 57 40 22 41 95 86 14 34 88 94 34 70 14 70 92 24 64 69 0 
1 17 59 10 82 65 65 35 81 11 23 26 70 65 53 68 67 95 24 97 75 19 83 88 72 40 0 
1 22 35 42 22 83 34 91 47 23 27 49 84 35 80 93 34 89 47 23 53 36 67 66 77 50 1 
1 10 17 42 91 13 82 25 52 87 80 44 18 67 24 19 27 55 89 48 86 74 85 74 55 82 0 
1 97 83 15 38 69 30 90 66 75 90 90 55 52 21 59 42 93 89 100 55 86 96 66 68 74 0 
1 95 55 36 45 12 49 36 59 66 51 31 44 84 82 26 22 14 97 15 73 99 59 24 78 41 0 
1 100 38 63 90 34 16 50 79 30 10 87 80 55 11 11 25 65 18 53 72 38 73 86 40 56 0 
1 52 18 53 62 48 66 10 14 12 30 27 25 45 19 12 56 97 11 38 33 55 21 10 74 71 0 
1 30 57 15 85 98 61 42 76 68 84 27 70 65 17 83 83 61 36 23 67 59 24 42 25 49 1 
1 83 32 73 69 39 89 97 11 11 86 86 82 29 57 52 79 60 66 52 32 31 73 51 24 69 1 
1 17 60 66 99 41 38 13 43 32 73 28 66 65 12 56 65 26 19 57 77 88 70 53 58 69 1 
1 82 48 46 29 27 13 53 29 19 70 33 68 25 73 94 56 52 92 51 31 71 35 73 83 60 1 
1 53 36 39 53 33 15 22 16 67 90 40 83 20 58 25 58 17 66 46 97 56 15 26 99 79 1 
1 80 16 15 39 36 34 59 56 76 11 76 17 34 63 82 22 64 13 34 64 36 17 96 89 49 0 
1 95 71 98 19 78 84 79 90 70 92 45 100 22 56 42 33 17 19 83 46 65 51 63 96 59 1 
1 41 65 45 85 63 60 79 71 77 22 68 63 33 63 15 80 54 17 49 25 61 69 99 21 56 1 
1 44 43 62 85 56 56 60 15 76 29 31 72 66 39 80 17 75 11 35 10 34 14 50 48 77 1 
1 29 61 19 83 29 90 81 18 29 65 21 83 32 12 60 92 12 44 47 22 43 22 29 93 38 1 
1 31 46 24 82 18 59 53 16 74 62 94 33 16 86 93 99 23 57 92 34 40 94 28 70 32 1 
1 41 85 80 12 98 40 63 97 59 43 63 55 44 67 85 55 99 45 71 48 95 22 99 42 43 0 
1 21 31 50 61 29 73 33 22 58 18 11 62 50 62 37 22 51 11 29 48 89 32 55 44 22 0 
1 31 43 38 86 15 64 25 55 36 65 82 19 24 55 92 90 32 65 21 49 57 20 48 77 11 1 
1 25 75 15 98 31 14 78 48 84 54 28 49 61 31 42 53 22 57 59 94 75 13 25 72 66 1 
1 34 38 46 52 72 31 54 79 13 14 60 78 54 32 59 14 87 95 85 46 25 15 42 80 48 0 
1 11 29 35 46 100 53 64 87 90 91 15 17 73 38 55 20 62 32 31 85 64 53 16 87 77 0 
1 47 66 69 27 23 16 16 24 31 84 80 34 66 55 65 87 38 12 98 95 24 24 32 46 13 0 
1 13 61 63 62 15 62 44 27 90 34 53 16 46 64 36 15 69 51 35 94 88 74 93 39 47 0 
1 28 65 60 90 32 17 70 62 84 31 45 17 70 18 42 23 89 22 71 72 67 50 65 39 47 0 
1 21 30 94 34 48 89 93 78 82 85 44 13 80 64 65 84 72 54 62 76 29 95 70 48 96 0 
1 59 64 32 63 96 16 17 46 49 85 39 59 38 50 59 48 86 44 59 42 98 41 48 57 22 1 
1 37 56 27 50 24 51 68 15 41 73 83 29 52 65 22 47 34 84 58 40 45 92 39 94 73 0 
1 80 60 69 14 14 73 47 43 89 13 81 38 72 32 61 46 83 60 50 32 98 20 57 14 33 0 
1 93 77 27 59 63 19 87 60 22 46 38 34 56 89 27 55 88 14 18 77 44 96 25 100 78 0 
1 38 21 40 81 51 54 30 10 11 11 58 37 16 83 69 92 20 34 35 89 83 79 25 93 21 1 
1 85 47 34 43 43 68 52 39 17 91 20 16 100 58 44 91 65 55 79 77 44 55 94 23 28 0 
1 94 34 36 24 42 65 29 89 97 89 55 90 82 81 29 89 47 14 29 57 50 90 73 25 64 0 
1 17 76 80 16 30 32 23 89 88 39 45 11 46 39 67 28 29 52 91 14 28 31 65 44 84 0 
1 52 83 21 81 66 86 12 78 42 69 68 48 94 71 13 69 68 36 51 69 59 95 53 92 64 0 
1 27 98 72 99 87 76 100 13 20 30 28 93 69 57 95 94 67 29 26 73 30 29 88 84 89 1 
1 90 37 27 27 62 17 22 24 14 21 82 30 62 90 65 41 43 96 89 34 61 60 55 18 31 0 
1 62 96 68 42 34 58 36 15 14 63 53 77 19 79 61 49 57 19 47 65 57 23 23 67 92 0 
1 11 94 36 38 22 46 27 32 27 60 19 90 10 67 93 85 20 73 48 84 84 84 20 49 85 1 
1 93 13 64 95 89 84 97 55 62 65 67 47 13 34 96 49 65 49 70 89 14 24 34 24 48 1 
1 52 23 26 19 19 51 49 91 87 79 22 28 18 73 45 93 97 82 38 79 65 50 45 64 72 0 
1 63 92 73 33 86 55 67 16 72 55 47 86 42 61 40 65 40 91 67 89 91 18 28 60 17 1 
1 91 37 70 43 69 87 29 18 70 68 17 38 75 78 32 23 47 59 18 54 86 68 83 23 47 0 
1 19 12 32 21 55 87 18 40 28 66 86 51 83 73 97 81 36 60 57 32 27 56 59 85 62 1 
1 27 84 38 26 65 93 70 38 72 96 33 27 68 27 43 73 11 18 23 82 91 77 34 70 51 1 
1 84 25 78 75 31 81 52 43 19 12 69 91 56 18 90 54 59 37 46 38 94 52 21 88 36 0 
1 13 81 27 13 41 27 14 11 100 62 78 72 86 50 77 78 68 50 40 31 99 51 59 64 63 0 
1 20 61 80 34 63 100 32 16 49 34 56 29 24 96 97 82 63 46 61 73 28 22 74 75 45 1 
1 33 65 98 78 25 83 92 61 64 41 95 52 68 52 68 27 47 26 64 19 16 41 98 94 10 1 
1 31 16 72 66 55 68 22 57 36 27 15 87 63 10 94 16 33 26 31 88 48 64 14 10 60 1 
1 74 58 17 64 46 29 24 16 30 32 99 60 42 98 16 60 12 66 11 30 37 36 59 34 21 1 
1 84 96 14 99 28 27 85 14 93 52 17 17 30 21 32 92 12 16 23 20 22 53 40 70 58 1 
1 28 19 40 90 85 65 19 14 35 72 14 61 63 52 94 24 83 38 50 93 75 46 71 44 44 1 
1 15 45 76 91 82 66 97 26 57 54 57 94 77 72 34 19 70 28 99 56 34 60 82 91 28 1 
1 73 75 69 35 76 22 60 67 94 75 27 39 30 99 53 61 32 20 61 65 99 78 25 83 98 0 
1 56 67 35 67 39 66 69 76 94 73 50 90 60 11 48 54 81 52 11 40 56 91 83 71 36 1 
1 52 88 11 82 47 97 61 45 45 43 95 40 28 17 22 15 77 20 78 72 67 73 84 40 97 0 
1 49 63 26 47 49 79 44 29 34 52 27 75 83 19 39 37 39 28 88 42 100 24 34 52 59 0 
1 93 48 54 93 49 60 63 52 29 16 55 84 55 77 61 100 56 88 35 18 26 47 51 12 75 1 
1 62 12 22 42 34 64 74 95 62 34 84 60 34 58 47 31 27 69 84 50 83 69 14 29 87 0 
1 46 21 95 38 56 93 68 92 93 82 47 52 67 71 50 67 96 94 10 46 92 52 20 11 16 0 
1 85 44 27 17 74 13 80 31 23 71 46 99 34 85 24 33 74 47 65 70 24 65 43 60 44 0 
1 16 68 46 55 37 72 35 41 52 14 90 97 11 57 65 30 19 79 70 64 14 67 70 14 70 1 
1 50 42 48 50 34 47 78 43 85 74 82 16 57 50 47 75 66 19 58 12 14 55 52 51 51 0 
1 13 66 18 46 66 60 69 73 37 27 100 67 77 97 37 62 29 74 54 100 21 82 37 31 84 0 
1 66 76 61 30 65 57 38 16 66 69 78 47 53 90 94 89 94 71 44 49 99 87 45 81 19 0 
1 24 73 45 75 95 65 20 24 98 21 47 17 12 79 38 29 25 51 25 80 57 76 57 42 95 0 
1 80 63 95 98 28 77 75 60 98 93 30 49 14 78 57 44 22 54 25 88 46 30 98 48 79 1 
1 55 76 51 67 73 99 82 20 73 96 70 57 74 12 72 76 69 57 97 51 30 74 46 63 27 1 
1 37 93 100 53 49 74 73 81 26 15 75 96 36 84 67 10 55 85 51 51 16 83 86 17 82 1 
1 93 35 96 31 15 88 61 24 59 16 62 15 22 36 83 46 71 51 15 63 19 28 31 92 14 0 
1 23 50 87 31 11 75 68 61 11 41 22 31 18 30 32 90 22 86 57 41 81 91 15 30 37 1 
1 10 64 92 11 95 17 73 91 26 26 35 38 56 34 50 61 100 24 71 27 25 72 85 96 46 1 
1 10 54 50 64 14 16 18 21 66 27 51 10 49 66 16 82 14 47 47 92 91 70 54 52 76 0 
1 40 41 27 10 38 98 74 89 77 88 67 55 58 72 72 40 41 29 80 40 63 50 59 25 85 0 
1 47 62 55 23 72 44 94 61 83 19 59 72 62 50 100 10 68 26 48 66 31 42 29 17 46 0 
1 10 76 25 60 30 77 86 18 59 93 48 43 41 65 99 84 91 59 67 97 34 26 42 48 46 1 
1 61 54 41 60 26 23 83 14 20 76 15 52 61 33 14 81 53 13 20 41 92 30 89 28 65 1 
1 39 32 85 87 66 30 86 78 94 10 95 35 17 85 52 25 40 50 83 72 18 68 85 67 37 0 
1 26 79 15 78 50 49 37 51 63 69 86 44 33 21 52 64 91 78 40 82 49 98 52 49 57 0 
1 72 41 47 32 62 66 75 17 62 42 95 35 12 27 71 46 98 21 38 96 45 67 71 63 63 0 
1 93 40 37 35 99 13 52 56 81 81 46 29 72 44 28 27 25 39 20 79 18 83 35 87 50 0 
1 20 34 28 25 62 33 62 69 41 32 89 99 29 79 66 83 87 63 21 32 50 60 84 13 78 1 
1 20 57 43 38 92 11 99 45 99 99 15 67 50 79 52 48 93 82 43 59 66 73 89 91 55 1 
1 44 54 59 21 79 52 36 11 56 94 96 19 16 96 39 45 49 47 74 50 62 53 85 21 16 0 
1 66 71 75 10 43 63 83 13 84 18 44 78 13 77 99 43 24 75 99 76 13 37 33 36 48 1 
1 75 43 15 54 84 88 11 51 52 10 35 96 79 26 45 66 66 76 55 80 94 27 94 87 94 0 
1 32 77 50 81 64 78 17 29 62 61 71 91 27 14 93 90 75 47 11 35 45 81 95 22 93 1 
1 77 87 95 40 43 100 75 73 66 84 36 78 37 63 10 97 96 27 47 67 33 89 14 73 38 0 
1 22 93 16 33 87 12 97 33 51 97 29 54 72 78 63 60 74 13 72 43 67 81 75 51 55 1 
1 10 80 51 32 75 77 68 83 95 12 13 51 12 58 94 72 74 33 63 90 40 47 38 84 45 1 
1 50 84 29 45 16 13 60 58 27 65 10 39 80 11 73 14 46 23 32 29 27 75 74 87 57 1 
1 82 94 47 22 75 66 92 69 74 64 34 75 74 59 34 57 87 97 59 52 10 59 100 58 14 1 
1 76 36 23 11 80 81 80 34 88 21 34 44 38 28 41 40 36 74 79 100 35 85 36 86 57 0 
1 76 79 16 68 100 84 44 62 60 16 23 95 32 71 61 20 15 28 97 97 69 32 14 49 37 0 
1 93 53 45 25 70 70 56 48 68 88 14 29 100 73 19 19 46 48 24 17 23 41 25 67 60 0 
1 31 79 91 18 60 88 86 79 19 37 56 89 69 33 21 44 68 56 97 95 91 76 74 48 32 0 
1 86 60 99 91 78 17 46 75 98 12 85 51 19 32 19 62 85 50 68 93 49 98 20 41 83 0 
1 61 95 14 59 56 57 66 69 66 71 95 69 65 25 25 79 39 76 49 37 45 31 49 21 91 0 
1 11 51 51 69 52 91 58 69 88 31 45 22 67 53 97 94 45 55 65 24 23 41 87 86 52 1 
1 31 92 79 52 21 99 40 52 20 95 55 91 49 19 81 83 58 35 67 71 97 13 89 28 21 1 
1 70 47 95 98 31 69 18 40 71 53 86 30 61 64 77 41 93 85 17 86 69 85 67 86 69 0 
1 40 91 13 51 72 88 56 84 57 89 61 37 13 22 50 50 66 24 82 51 100 18 74 89 63 0 
1 55 18 48 27 57 31 66 32 45 63 27 23 89 11 57 70 41 12 15 87 56 69 96 97 27 1 
1 77 31 99 72 65 74 41 39 83 97 54 41 37 22 48 43 46 64 73 35 41 96 43 94 45 1 
1 31 19 10 86 38 76 28 65 87 97 84 75 51 73 76 74 59 10 18 36 13 86 83 93 40 1 
1 87 62 44 92 60 22 28 21 74 52 69 14 44 81 88 99 56 16 41 58 30 42 39 33 99 1 
1 28 92 14 34 38 94 33 25 42 26 68 92 11 69 73 45 37 90 40 29 67 55 32 46 90 1 
1 94 66 52 76 19 16 54 59 45 27 85 50 41 39 31 29 73 99 45 78 10 51 20 49 90 0 
1 53 44 23 35 84 32 14 79 15 64 91 20 34 97 87 34 81 23 91 24 18 49 60 31 76 0 
1 44 98 41 94 84 38 74 10 31 50 85 38 67 94 79 61 41 55 83 53 88 18 40 85 26 1 
1 33 66 15 72 72 83 56 97 41 29 65 46 58 35 72 48 90 41 25 34 70 60 66 94 49 0 
1 88 58 99 75 73 13 45 78 83 99 75 63 72 40 20 61 68 47 80 53 47 77 18 11 47 1 
1 29 40 100 99 77 69 34 31 88 67 63 27 29 62 59 66 20 86 42 90 31 28 21 15 43 1 
1 47 84 94 50 43 31 33 17 15 25 21 76 85 69 44 79 59 84 70 55 13 68 94 64 48 1 
1 13 53 33 65 61 94 31 40 63 97 68 97 87 82 41 21 11 35 56 39 12 54 78 58 48 1 
1 58 23 49 42 12 94 12 29 58 11 85 20 46 26 72 100 86 44 32 54 87 55 16 54 50 0 
1 52 29 31 78 36 69 43 79 93 46 68 82 10 64 96 41 94 46 60 44 80 22 14 72 27 0 
1 50 83 36 18 37 23 31 78 76 75 76 12 85 81 88 20 13 26 61 51 20 44 70 92 58 0 
1 25 45 92 95 40 57 93 15 17 92 22 53 94 62 57 32 20 26 43 51 100 95 84 11 48 1 
1 17 96 41 46 89 19 35 98 76 39 17 12 15 61 12 96 25 19 16 12 67 48 53 28 48 1 
1 29 17 81 55 92 74 89 36 100 62 12 27 51 12 40 93 36 22 58 61 83 10 38 54 52 1 
1 38 12 91 63 18 77 33 64 39 83 63 22 92 99 39 39 99 29 60 28 95 48 34 16 45 0 
1 88 15 98 41 83 21 100 33 12 38 37 47 49 81 19 11 88 67 76 72 49 79 92 99 61 0 
1 40 15 43 36 36 18 16 50 51 36 51 57 88 31 99 90 72 35 82 77 40 47 54 14 49 0 
1 84 35 10 73 35 36 99 18 13 94 16 62 100 42 86 78 72 77 21 82 55 40 78 12 97 1 
1 14 69 18 94 59 62 41 57 14 23 79 40 26 82 71 73 48 64 84 20 16 63 40 18 20 1 
1 32 54 86 14 37 97 41 18 93 18 72 55 96 95 33 100 46 61 44 82 28 60 47 72 23 0 
1 30 13 95 50 63 80 34 47 34 31 96 54 70 38 35 85 60 37 29 51 53 31 92 92 86 0 
1 20 22 36 83 90 37 100 28 24 57 66 40 11 70 90 48 83 28 85 32 35 85 59 96 88 1 
1 46 10 92 80 82 11 45 85 11 48 26 74 94 24 38 16 77 72 85 97 41 89 11 60 69 0 
1 43 82 95 71 99 11 47 60 27 21 14 23 43 28 61 100 86 99 98 31 100 27 23 92 18 1 
1 39 62 58 61 93 15 72 85 52 84 29 20 13 34 87 56 59 35 99 46 81 75 30 85 81 1 
1 86 20 21 60 51 69 34 41 52 44 92 76 30 88 64 23 64 82 61 31 51 86 69 50 31 0 
1 95 50 20 10 16 27 99 75 34 92 100 59 12 57 76 35 80 70 62 42 96 54 14 87 56 0 
1 51 66 12 60 58 38 57 85 94 88 14 54 83 34 33 94 54 87 35 36 60 45 34 26 16 1 
1 18 85 11 20 28 90 87 29 57 78 86 89 79 97 76 66 47 86 98 34 74 80 26 93 26 0 
1 87 64 40 93 95 40 73 98 93 87 32 37 21 89 87 88 83 79 11 54 100 88 94 56 83 1 
1 57 90 30 77 36 42 40 34 13 30 90 98 11 47 45 11 38 54 54 99 27 74 81 74 84 0 
1 91 85 73 93 93 44 87 24 70 20 37 69 83 46 33 81 86 26 98 30 31 59 49 39 40 1 
1 44 93 48 17 44 20 61 89 54 20 39 67 88 46 96 100 94 35 24 74 96 97 81 73 21 0 
1 56 89 11 27 23 69 53 20 96 82 91 51 20 45 75 74 72 10 13 26 88 45 37 77 90 0 
1 96 38 24 22 30 54 74 27 27 72 22 20 24 52 11 56 24 57 55 81 44 97 40 87 77 0 
1 50 28 31 27 99 84 14 100 49 67 12 47 75 19 64 85 91 90 93 21 44 75 17 98 47 0 
1 85 31 66 64 76 97 45 35 56 45 54 56 39 49 92 36 75 77 36 33 78 15 100 17 48 1 
1 13 43 79 79 44 41 17 41 16 69 30 100 94 34 48 65 28 73 15 96 90 18 89 100 92 1 
1 24 72 58 56 46 27 76 19 100 66 92 72 55 66 48 72 92 84 94 36 44 70 83 41 19 1 
1 22 95 58 24 31 43 18 55 63 70 50 44 22 88 99 24 22 95 50 50 99 100 33 77 64 1 
1 27 46 10 87 41 70 84 73 52 61 100 27 82 99 61 64 97 100 68 39 97 38 45 69 24 0 
1 54 21 24 27 91 65 63 91 64 52 75 24 41 51 99 51 49 90 47 100 54 91 95 96 57 0 
1 62 17 45 38 76 23 57 19 89 26 87 31 89 37 99 67 59 10 99 20 34 25 48 100 36 0 
1 99 84 28 97 26 40 14 31 43 42 21 75 45 32 99 22 23 93 24 88 58 15 22 20 16 1 
1 64 17 25 61 82 88 78 30 12 25 98 65 56 77 44 100 30 22 27 81 60 26 22 37 30 0 
1 40 85 45 87 68 36 55 41 80 71 28 81 11 26 56 20 18 64 26 28 52 48 13 25 15 1 
1 53 86 17 73 17 13 65 28 77 59 40 96 57 24 31 56 48 79 46 33 66 72 66 31 64 1 
1 98 69 43 80 34 58 63 53 30 59 32 15 38 54 58 78 63 44 89 63 56 29 25 50 31 0 
1 45 45 39 10 87 47 92 42 23 26 14 44 42 75 20 21 46 32 44 89 68 79 21 92 36 0 
1 16 53 69 73 17 77 43 14 43 28 58 60 70 24 93 62 65 25 97 65 58 46 51 11 20 1 
1 100 41 52 94 63 25 59 57 55 90 96 11 11 28 18 37 29 45 46 89 27 44 31 27 61 0 
1 70 10 44 84 72 100 14 12 46 92 94 92 36 59 42 98 28 50 13 81 95 42 22 23 64 1 
1 62 83 36 77 98 47 21 57 66 28 10 31 76 41 87 64 41 29 77 70 14 90 38 99 76 1 
1 59 47 70 87 87 77 73 32 39 34 27 74 39 55 75 88 77 35 74 76 34 63 23 100 41 1 
1 67 92 23 35 100 93 93 42 47 99 74 56 22 32 31 42 42 29 71 86 94 100 78 92 43 0 
1 79 76 37 93 90 40 50 97 60 79 69 34 98 50 45 97 93 25 42 83 60 45 44 30 58 0 
1 63 71 46 91 47 82 49 17 73 36 13 27 29 30 36 37 79 31 68 14 71 91 12 56 81 0 
1 85 22 22 35 27 22 35 98 44 41 78 100 96 61 87 97 94 41 48 43 76 19 55 37 31 0 
1 96 74 14 51 72 84 100 36 68 15 61 92 39 40 96 55 44 91 98 45 94 34 17 83 55 0 
1 19 86 83 78 60 25 88 65 17 84 89 45 53 20 73 39 94 34 25 23 62 24 37 79 100 1 
1 60 23 85 39 52 36 15 31 74 85 22 100 97 30 58 49 51 43 81 56 74 74 84 69 90 1 
1 74 35 82 13 52 91 40 62 20 27 45 29 90 37 36 70 31 56 18 44 38 15 52 74 24 0 
1 56 100 37 89 51 71 83 98 21 38 29 43 29 38 57 48 71 63 32 46 59 81 86 54 40 1 
1 46 38 24 55 10 48 34 70 19 46 37 79 73 40 70 27 54 41 89 84 99 41 56 72 98 0 
1 70 12 84 19 25 45 32 68 83 10 46 68 41 86 52 10 77 99 66 16 53 80 93 37 60 0 
1 18 22 50 68 41 82 91 46 86 100 28 29 96 75 48 83 50 82 30 14 56 25 24 86 14 1 
1 37 90 87 55 62 89 60 26 48 31 80 94 96 42 13 79 10 24 76 44 24 57 47 84 42 1 
1 34 92 19 24 54 64 18 23 45 14 10 93 48 15 55 53 56 57 89 38 39 93 72 41 11 1 
1 13 40 40 35 68 96 26 84 22 42 85 41 84 73 11 44 25 75 32 96 10 52 76 16 70 0 
1 58 73 46 22 18 56 13 78 90 74 94 13 51 28 86 64 16 10 32 24 44 64 52 50 30 0 
1 25 41 50 49 56 15 21 25 90 24 100 30 98 78 21 50 80 27 73 62 40 50 74 26 32 0 
1 100 23 19 75 79 26 28 99 86 57 75 71 63 36 27 39 95 81 65 19 43 71 38 78 38 0 
1 79 56 47 24 14 26 83 34 15 15 85 13 49 13 38 56 17 81 15 28 35 41 90 19 24 1 
1 39 68 93 85 61 31 92 81 21 40 31 68 34 88 37 15 70 60 78 11 62 80 67 92 99 1 
1 82 18 87 80 35 49 37 38 23 70 16 43 99 34 98 69 66 60 69 79 23 83 27 22 71 1 
1 64 63 50 49 93 46 12 50 45 10 74 78 55 76 58 92 43 25 84 49 21 52 63 100 72 0 
1 39 21 73 80 19 37 56 68 70 38 67 70 23 42 64 98 16 41 77 31 86 23 97 50 46 1 
1 61 26 85 65 86 50 86 65 44 93 12 63 25 90 18 16 54 96 40 81 29 100 27 49 71 1 
1 71 24 51 53 56 81 63 76 28 47 81 87 18 58 34 55 95 34 67 22 65 59 32 16 34 0 
1 83 96 69 78 42 56 50 92 71 66 72 14 40 39 96 71 54 15 98 42 50 61 24 10 10 0 
1 28 61 86 65 82 36 38 11 10 76 61 91 55 14 31 13 63 44 90 58 62 42 22 60 53 1 
1 11 56 56 11 89 66 73 58 84 10 43 72 73 75 29 68 88 75 29 77 67 59 24 26 62 0 
1 54 13 35 70 11 42 18 18 30 98 22 74 75 23 81 11 20 76 93 68 48 67 86 14 18 1 
1 25 72 84 76 20 37 86 57 83 42 66 97 77 65 95 75 95 58 27 71 75 70 91 66 35 1 
1 99 31 19 96 44 37 74 73 46 28 22 56 85 44 37 88 10 36 45 54 90 36 97 16 52 1 
1 41 32 63 19 72 30 23 66 36 43 64 41 29 77 82 15 42 74 66 59 41 40 29 32 52 0 
1 63 33 95 94 49 65 22 46 81 42 22 38 13 40 25 34 35 68 69 56 41 53 86 17 16 1 
1 53 52 94 62 32 80 25 53 72 59 95 74 51 91 37 71 83 28 42 99 36 37 76 48 30 0 
1 30 72 83 21 36 60 13 59 82 17 98 35 77 64 30 56 10 64 53 69 47 47 81 13 96 0 
1 79 99 49 77 13 36 64 100 85 20 18 66 72 68 32 24 44 88 13 68 42 34 70 16 74 0 
1 99 69 51 82 79 28 19 59 79 85 16 56 40 15 64 33 47 32 19 50 95 82 33 13 17 1 
1 63 93 39 100 89 92 36 18 58 77 86 37 21 77 50 88 92 27 73 48 52 16 32 57 73 1 
1 24 72 96 24 86 89 34 54 66 67 15 78 12 45 28 23 96 97 31 75 74 14 89 15 62 1 
1 89 99 81 85 22 40 24 62 73 99 16 52 34 18 10 45 11 50 56 86 65 22 46 65 15 1 
1 55 63 46 13 10 35 21 54 64 83 32 65 21 11 20 22 17 90 90 76 35 77 78 56 87 0 
1 68 43 34 100 28 68 74 52 16 12 19 29 78 85 44 79 45 62 23 27 43 77 58 71 53 1 
1 92 47 15 38 88 66 31 10 97 22 39 78 79 68 19 77 86 40 90 56 74 65 10 34 57 0 
1 67 70 82 85 42 14 42 63 52 74 40 98 39 43 62 69 45 44 83 83 39 80 43 75 93 1 
1 49 69 18 62 89 32 97 37 19 95 85 64 43 66 51 60 93 51 72 74 99 82 16 47 39 0 
1 93 34 66 52 11 70 15 90 98 85 72 82 36 85 69 73 45 39 29 31 65 52 67 53 73 0 
1 53 20 37 72 45 30 56 33 10 55 27 45 13 31 41 92 87 37 63 16 92 51 86 31 30 1 
1 25 45 35 74 32 33 70 84 15 25 38 22 62 90 44 27 78 18 91 20 70 45 28 50 57 0 
1 76 70 75 84 22 91 70 11 86 94 30 47 17 86 26 36 93 91 80 35 83 44 16 24 25 0 
1 65 33 36 52 96 62 62 40 74 57 86 94 82 48 73 98 67 24 19 69 17 16 97 18 71 1 
1 28 29 34 53 38 54 86 67 10 30 74 19 82 26 64 22 52 10 18 32 32 47 66 46 96 0 
1 27 67 42 88 16 96 45 56 22 60 31 23 24 48 70 63 98 29 95 48 21 90 83 78 71 0 
1 48 91 60 31 75 43 95 35 50 37 51 15 44 91 14 66 78 82 62 67 51 40 36 100 94 0 
1 95 39 93 34 81 50 43 79 29 10 48 61 66 19 80 48 93 10 59 79 77 19 14 42 37 0 
1 31 28 25 14 75 39 48 61 100 24 74 25 52 55 34 95 86 25 37 82 92 42 18 94 47 0 
1 50 33 77 78 15 98 53 67 86 51 51 62 50 37 86 96 22 75 43 70 99 77 72 98 21 1 
1 92 21 25 36 72 28 11 90 96 35 92 40 27 34 53 18 39 93 34 52 82 16 20 60 95 0 
1 57 14 68 26 54 88 93 74 84 45 36 86 42 32 95 34 23 62 43 91 50 36 94 78 72 1 
1 86 66 84 40 43 60 87 35 18 32 50 25 37 55 58 13 45 62 84 78 94 50 57 94 44 0 
1 24 88 35 40 75 95 89 50 31 46 94 13 24 86 39 42 74 85 48 74 52 94 81 50 49 0 
1 11 18 18 12 10 87 41 42 36 89 14 64 58 37 47 98 53 85 100 97 17 43 17 43 17 0 
1 33 10 78 35 42 63 35 36 15 96 52 27 20 16 26 14 100 84 23 37 16 42 73 65 59 0 
1 40 12 75 88 90 47 24 65 34 16 32 67 93 72 59 44 81 38 83 46 30 12 66 67 49 1 
1 62 85 54 84 14 100 55 86 38 74 72 67 31 84 61 85 73 36 87 30 58 45 85 60 55 0 
1 24 20 78 16 31 37 67 32 33 76 30 13 26 62 74 38 73 30 40 31 99 58 82 53 34 1 
1 84 26 84 95 28 30 76 95 41 80 17 70 32 56 99 13 57 13 56 30 97 71 82 70 72 1 
1 12 13 95 65 58 45 67 83 68 42 83 26 42 29 42 44 49 75 29 88 70 59 75 72 61 0 
1 20 76 73 35 53 33 67 45 32 25 62 65 71 72 44 76 15 41 74 17 38 13 70 28 52 1 
1 48 62 75 94 34 97 27 36 26 99 94 65 71 26 65 40 81 49 39 17 11 30 66 13 93 1 
1 23 49 14 81 90 30 49 54 31 28 28 44 55 29 11 61 32 86 64 15 49 65 65 73 72 1 
1 97 34 86 62 44 80 66 22 33 28 100 28 45 64 93 12 72 75 39 25 73 80 21 33 45 0 
1 75 39 94 24 75 98 71 39 52 38 15 66 94 43 11 41 40 72 52 48 16 99 59 16 95 0 
1 23 98 46 93 14 70 90 97 69 71 86 92 85 51 14 48 49 92 52 88 55 90 34 73 21 0 
1 15 78 97 31 68 26 78 80 69 63 43 25 48 40 61 38 80 42 17 20 81 66 31 16 84 1 
1 59 86 11 15 46 19 37 55 17 24 80 68 57 89 23 61 80 58 27 19 88 64 26 92 37 0 
1 81 45 41 78 17 52 32 50 92 80 21 64 25 88 12 47 55 54 39 86 65 69 58 28 20 0 
1 78 92 59 59 67 42 17 88 91 43 43 92 73 87 11 15 19 86 44 13 27 70 95 28 54 1 
1 92 30 40 57 32 32 23 79 65 77 16 97 86 66 15 70 57 34 100 80 69 29 80 53 56 0 
1 21 70 36 35 76 63 95 70 79 33 47 58 12 49 77 67 77 76 18 79 90 58 65 21 18 1 
1 43 94 55 16 62 37 63 18 35 48 92 16 42 55 91 70 56 60 58 39 15 80 52 25 98 1 
1 48 41 94 70 32 86 87 24 20 53 48 36 54 32 24 96 22 18 58 58 86 86 69 20 33 1 
1 40 63 86 61 80 25 95 67 74 11 32 64 19 57 20 32 67 57 39 97 81 63 100 28 28 1 
1 41 45 76 24 45 21 74 17 96 61 95 41 16 28 34 55 28 64 87 44 69 22 36 27 20 1 
1 81 44 100 37 32 76 41 86 38 97 71 71 98 94 15 84 28 86 98 29 71 71 69 89 13 0 
1 81 77 93 90 54 48 77 12 37 30 30 44 100 99 62 15 97 58 15 63 94 33 77 16 51 1 
1 22 30 51 46 70 92 78 69 86 84 93 85 10 27 88 21 37 70 65 62 77 45 66 96 13 1 
1 56 92 94 32 82 68 69 35 14 30 63 34 86 43 22 80 42 69 17 14 57 69 97 23 63 1 
1 22 21 68 53 14 52 97 26 36 58 35 19 12 61 36 71 33 57 82 51 18 27 17 22 34 1 
1 88 81 32 15 51 13 97 96 47 95 80 36 93 31 86 98 36 46 95 39 17 94 42 17 63 1 
1 65 92 20 29 57 93 59 49 86 38 89 89 43 92 57 39 90 90 72 15 53 97 74 30 42 0 
1 67 51 60 74 22 57 76 56 49 31 21 95 21 71 19 40 53 93 22 21 22 51 53 66 20 1 
1 31 71 25 25 38 24 24 51 13 100 71 52 34 19 68 56 75 34 86 91 93 16 25 30 58 0 
1 73 19 34 92 44 82 48 71 45 60 84 44 61 44 96 87 78 98 63 93 29 46 50 88 54 0 
1 63 87 91 85 83 70 61 55 52 47 75 21 24 92 73 31 83 97 37 44 40 25 77 72 72 1 
1 25 63 75 35 42 17 32 76 38 22 36 37 64 97 66 34 53 48 30 35 80 58 19 21 97 0 
1 54 56 100 83 15 49 28 31 36 79 88 14 11 17 90 12 89 53 49 50 37 22 64 45 93 1 
1 94 84 36 53 87 98 92 73 94 57 65 44 11 71 82 74 76 33 44 15 32 78 18 64 10 1 
1 35 67 45 43 96 87 76 35 29 94 67 34 50 82 63 84 14 52 44 65 45 25 27 98 98 1 
1 44 35 20 12 71 42 97 46 24 33 14 23 68 84 31 17 15 26 49 63 21 32 36 61 82 0 
1 44 71 31 30 86 45 40 65 75 80 56 42 50 78 81 95 68 13 87 42 88 83 40 71 21 0 
1 69 21 48 95 98 97 74 76 72 85 41 72 65 21 38 91 100 26 47 26 93 29 30 91 54 1 
1 31 23 73 67 95 84 56 41 75 59 25 38 93 15 63 22 85 24 69 19 99 98 99 24 17 1 
1 57 53 51 66 78 74 51 100 28 11 46 33 55 14 69 25 92 87 95 58 91 78 77 62 12 0 
1 30 50 32 58 49 92 39 99 36 94 85 79 46 20 57 42 47 63 50 78 42 20 18 13 12 0 
1 47 75 32 97 50 56 55 78 54 83 14 74 17 12 76 53 24 66 53 41 65 59 50 28 35 1 
1 64 49 72 58 47 49 46 66 33 60 95 36 53 45 48 66 73 61 93 25 55 11 22 85 44 0 
1 29 70 39 14 76 89 25 19 24 77 53 27 11 32 41 56 39 87 19 85 38 65 27 41 92 1 
1 80 81 37 85 35 74 91 51 61 53 94 78 71 49 79 72 18 12 74 61 76 45 35 100 99 0 
1 66 65 39 21 49 34 12 28 50 53 43 31 76 17 61 30 27 63 80 34 71 62 71 62 39 0 
1 17 49 40 10 98 70 32 69 100 74 81 40 21 58 84 78 98 29 78 77 23 97 79 42 26 0 
1 83 40 10 16 44 28 42 95 51 23 89 13 42 75 61 80 64 49 18 47 22 70 92 81 59 0 
1 46 48 16 17 22 42 60 28 79 18 42 28 100 90 17 79 59 21 14 20 82 46 13 71 62 0 
1 92 14 23 27 71 87 94 45 18 31 51 84 15 16 92 100 54 89 79 69 59 94 50 57 63 1 
1 64 25 71 98 55 34 51 45 98 68 70 21 56 87 44 25 54 41 34 61 96 93 51 67 24 0 
1 35 98 88 36 48 23 28 91 78 85 66 74 52 94 24 46 75 85 75 35 65 88 56 25 100 0 
1 64 12 89 14 12 24 20 34 46 34 72 26 69 80 93 65 14 33 57 81 99 66 60 79 56 0 
1 67 50 17 98 35 81 22 47 16 76 29 74 56 79 52 83 18 97 63 89 56 93 37 10 63 1 
1 87 58 11 92 95 90 85 88 81 49 85 56 44 94 94 89 23 18 40 97 56 24 18 75 26 1 
1 59 12 83 82 12 42 34 56 26 38 74 32 77 29 17 64 90 75 30 24 88 80 78 80 42 0 
1 78 90 70 53 51 52 66 44 51 31 18 30 61 64 88 98 19 95 12 10 85 88 33 39 25 1 
1 79 26 72 59 74 33 86 40 16 16 38 67 50 49 84 85 44 43 81 10 96 33 60 14 74 1 
1 39 52 62 60 84 81 81 43 64 100 78 33 85 56 85 49 73 18 95 21 42 21 70 36 52 1 
1 94 13 23 38 80 90 50 38 41 61 27 26 49 48 58 10 18 71 54 100 77 57 28 67 15 0 
1 67 84 25 32 88 90 95 40 100 60 16 79 36 49 51 23 22 58 86 61 42 45 42 72 72 1 
1 60 84 38 71 68 48 94 35 75 14 45 92 80 96 35 73 68 64 74 25 50 27 28 25 81 1 
1 86 37 29 84 70 87 97 76 31 32 43 46 29 78 32 38 82 19 28 47 58 77 42 39 92 0 
1 55 54 57 47 100 26 51 30 59 73 36 68 22 41 75 30 90 35 42 38 40 40 69 50 39 1 
1 33 43 46 88 68 27 99 55 86 42 20 54 71 12 15 50 24 32 29 94 28 18 41 40 93 1 
1 96 75 79 41 24 68 49 25 79 96 90 73 30 37 99 85 60 56 26 17 27 70 48 64 88 1 
1 27 97 94 41 14 19 48 48 89 23 97 40 66 65 36 68 33 21 51 95 55 27 55 47 16 0 
1 72 82 25 100 88 98 42 57 47 68 65 55 59 100 27 13 95 66 30 78 89 24 59 66 37 0 
1 86 71 91 91 23 33 47 52 20 27 92 10 14 15 71 74 53 69 48 45 56 57 24 97 89 1 
1 69 73 67 79 82 21 30 44 71 23 63 18 39 30 26 37 45 18 75 95 91 13 34 34 61 0 
1 22 79 34 63 79 83 34 11 82 24 90 16 65 69 78 85 30 88 82 14 38 45 47 30 88 1 
1 33 24 67 11 33 79 17 58 78 94 97 18 93 83 38 89 91 72 20 95 57 25 86 35 92 0 
1 24 46 99 95 88 25 42 58 17 83 64 61 50 18 27 13 37 91 67 24 36 61 24 29 25 1 
1 75 26 57 32 18 59 23 83 81 90 25 84 93 16 89 39 18 63 26 31 88 51 88 71 90 1 
