3.8814674669151015 95895512.52906728 13112590.610742468 -0.3308040674188504 
11.683258665880158 13406099.06096448 42874.63981390558 1.2312439013980772 
12.2408537454114 -46038673.82930224 4701920.201208497 1.0469839403677599 
14.945268303047666 105037190.56947419 4571972.759806299 0.40701567177035347 
6.526642555093406 76503977.44396405 14573787.944354486 0.9020132317512204 
6.267782415506442 160656954.40615112 5574917.015079459 -0.37254897021588484 
-0.48913300300966966 135938162.07222748 -8071803.872408622 1.38510309330861 
-1.437168494102366 33595547.51671823 9152446.792902257 1.0119223806572868 
3.2406052874360336 123644784.52469559 -4203087.753669471 0.4793754767837356 
-5.878417706286546 31774941.478821564 -4549445.537128862 0.1500022761081362 
5.524975096975425 51168137.56087426 2746982.3058213275 1.6295342140035232 
15.009648577919513 22600638.928153973 -1802328.6365174344 0.5596772649866608 
1.3481697644060313 63101550.89234928 1175461.954818917 0.11976752664679724 
13.66985691796337 30784979.920967173 -2270467.458731142 1.5280638783389486 
0.1679619820889542 -24662418.240027927 -9112314.424164413 0.41077240190107756 
-0.8407715808164546 3570939.8615686 -8108828.094773565 0.28619668310626856 
9.606461521354534 127831870.21229038 6953239.658724051 0.019697593437924654 
12.453061168072782 -49123573.36573436 8618119.862297604 0.688363302874743 
13.75369044497117 77003151.16669555 7369170.4499077285 0.5332665750741195 
12.453211885666263 55006009.12666109 15662997.214174382 -0.1365261257476421 
3.631891752756585 -58405800.85575332 8018461.657361199 0.41814409225958304 
13.286011824070966 93073442.83366041 1600036.0798044188 0.33770924198178853 
1.3379621470977963 161103065.91144076 1457032.3597690156 0.7241667067121298 
9.341141361321096 59184040.574050404 1476181.2574059186 0.12078301693405791 
3.1998962889209612 125752098.29526296 15037209.097284634 -0.19262388114541318 
5.814122025985787 135447036.64566827 -8181843.26598128 0.5519729584895051 
-1.1027365333139239 1468844.7629772872 -5855310.560239403 0.003106775064051659 
-2.3832873530511582 -70287989.10525417 -7104553.643697103 0.32959141773046974 
12.706008429371078 47591041.8544021 11471566.25907039 1.3147094446352985 
-1.0564905788954624 123091618.20140441 6002651.271684913 0.10942860255466746 
-2.548627605062996 -38710850.44830458 8652594.835905531 0.7935897350623109 
-0.31567254181420523 155076873.29262796 10123746.250873521 0.13670803760341144 
2.8421850219753106 77189443.8377696 2736210.8293756656 1.5932529688032595 
3.1242283079126976 -17037066.121409692 910021.2874703485 1.53777364018572 
11.880462915641665 -1880935.505864732 10210994.560663879 1.3474616524006857 
13.822010266421852 115078472.30497204 17674927.470990907 0.39990709655348367 
7.388502634463275 143260379.06067607 9835988.88442989 0.21999969860512403 
12.634345273558989 36165204.92652098 -638887.2098016185 0.6865774084521127 
-3.4378813586177843 90345908.45449568 -4917623.938039148 0.3071204044658955 
13.336024533070585 7273454.060261868 -3898186.641393355 -0.03282589005807812 
9.719822067665557 -34440601.11048887 3334121.474148618 1.5113044957569666 
4.956286769933074 156928417.81924683 -3955970.565553407 0.04943729059053126 
9.933905023850999 161684482.00458944 6866930.348802688 1.1334252345148537 
6.279153168049025 26216550.359614268 2580561.2265701434 0.519443844810158 
-5.681596492317256 23054531.505944468 5593051.790447254 0.8344047674124452 
0.013231964819328645 116000102.58698404 605955.0138872918 0.3240536182850131 
9.339856557176802 149221122.00513855 11846230.013831021 0.5172687578381199 
-0.3246083267227462 -67309096.88982832 -1071475.255080523 1.2878794941513734 
11.546982620348547 -84285037.01169723 -7426340.063744074 0.5888896549370994 
13.679882796523454 -20330319.269438364 1321517.9689712897 0.6854689882698657 
-0.626539686747666 40041642.79646321 10877890.88518608 1.259686394354461 
9.209495119330954 134415242.1750728 -1480721.4608572281 1.5473130267650286 
10.488609358463876 161726546.01834336 14036705.618454799 0.8035223154924303 
13.376901819534634 37968848.301179536 11847967.8829504 -0.07202004934685391 
0.017818893685958237 -28716078.22143039 10633573.290589735 1.919612299899621 
3.4848272565019833 85009193.94035801 2292040.081258809 0.7814647710840233 
14.338808747767201 6991148.49596674 -5873388.104093981 1.5491503686486512 
6.614586968598978 36847176.02028276 -847375.3262912808 1.347330017265437 
-5.4053055183563306 50288702.835173614 8950238.66467763 0.8594140477665014 
0.06058861600385157 74614776.55238524 -5285640.055808548 1.1063768893525794 
11.495281034886862 74822806.9908595 6976100.268875631 -0.16475036338071292 
-3.4597348378031034 37829825.10142507 -2011468.7357151662 0.7881454262653854 
2.733366263925184 55194870.25070235 10377172.503137462 0.017244972230853306 
5.282381895516556 39771956.183673546 -7777826.696908143 0.198303354955629 
5.24493119133885 139055905.19013333 -4740114.957201823 1.7170678485711846 
4.5448773549204295 42404974.0409769 12658974.91107609 1.175164938381159 
7.5520426577510635 89284128.24190015 10126984.632092306 1.2645598234523323 
4.8292622144962944 136040125.81673816 -8489858.041608963 1.4848924649405029 
13.096300799587132 -35095282.60335991 8763237.610915013 1.5840164642118533 
11.068014981247817 152718028.00936165 19526323.85958071 0.9172215008949448 
10.195146188886191 104113214.48759884 13910306.038789192 1.2631201287191292 
-0.5005704202120915 -32660095.507249095 18581443.276028708 0.7832959600654062 
9.096400185735364 110833039.39925629 -2451083.024099514 0.998607632016339 
-1.248080351148892 45203758.888464 10401357.705654018 0.320618865217409 
0.6900511768471365 64993746.343942955 3380263.701749723 0.6004364907450715 
8.36973799568744 61033478.991101995 -1548997.646169613 0.25470264842051227 
9.117163887232948 20885520.60635782 -380018.8042326225 1.4251440600214216 
-2.799070161088774 65417653.068836845 -426030.18164693564 1.6508834473095853 
1.361828952004518 -11385207.434309244 4192170.759911633 -0.24616669364687904 
13.862936069921926 -10093808.999859609 -2332290.496562041 -0.11548880856098132 
14.235438067410506 119273151.09171024 -7462500.834529548 1.6890142263292671 
12.764565045028984 29653266.242075216 5761362.642475866 -0.5642853365213548 
10.415817940151365 -29806021.922435336 15921685.692280415 0.5884899646222705 
2.160921755694832 12276529.712454274 16037336.27628169 0.71890152915015 
1.3661443372644015 81704846.88576125 3738763.9650205863 0.5041991519686947 
11.596245493761868 6706211.625875011 7085840.9429585105 1.034944143834873 
2.8816166944142476 -13308522.920343295 1283241.623514574 1.27351539182113 
4.988031079377092 108655401.55644876 616315.2911691032 -0.363443076543279 
1.5041558885588557 74843373.29339609 5195523.374958828 0.006947995913031968 
1.6386449278081034 133845318.13104674 2639304.1633903906 1.38721907105402 
-1.756956591768268 99790979.48425816 -5337570.562260831 0.446936523235571 
4.6320017267393885 87727270.50748044 12269745.983362043 0.3174306588886959 
2.936339218023587 40786458.14971985 -1486800.2627275921 0.4957598963705061 
12.861069991476134 118056564.90058473 15754006.207101207 0.10045664625260664 
8.245190531340599 -30379629.514713258 -5216766.728779143 0.41271308963348896 
0.05081610554499427 96178047.45007284 -3049580.9185929466 0.7924640720391195 
4.622753207631181 54271752.81179994 -3213803.8317707945 1.454165817547445 
-3.6152660000977273 60704067.45329714 8248441.305771978 0.28770614007756723 
-1.3005287611756673 144628690.97638923 1370157.427044664 0.8315705867801607 
9.272392466565332 -61120538.60682727 -8186808.959755599 0.5999436264335702 
