-263.56219724441627 108282059.76567045 2.6148681568963665 
534.9399400772159 135653941.92002285 14.725060687915159 
265.21453546663895 150018980.94658417 4.9046276539902625 
791.9991026800593 39803583.80116145 11.911449337497462 
1730.2699163578932 148224878.3758104 7.3180949876521435 
762.9189120995072 57097129.494825676 8.143838649629418 
504.97298677685114 6868466.70153138 7.89793185205048 
1327.8586020014009 -20952374.19453959 14.823585240532967 
822.0044658903811 102980339.44411106 14.181252585618726 
994.1877108773022 73727014.44305444 1.6521301348541853 
1044.6665315499565 136934351.14741427 15.94376066058481 
632.3770415408312 85690574.47960198 13.210015507903885 
1155.002530275739 -42786991.19752307 11.500059051352547 
639.2186599083016 -80535003.97250405 9.415411886766838 
707.2220148108615 23391551.94448216 12.297752460769914 
1032.0848402512056 110711742.59691153 4.872219332426985 
851.756675776817 94498854.38289063 4.2730876017442085 
-198.81790409704007 -8087643.295143189 5.383801194555729 
1807.336460512191 90005628.1001638 12.26284664811536 
802.0063594159295 99849461.73684728 4.1904504690039595 
434.4496378472976 59878846.79750235 12.227229535136987 
312.54663725848604 39559233.73946405 17.6829513221624 
-210.0590455984755 75402281.48444115 9.313044688240653 
767.5370263778905 4314731.917015985 1.4085012510988966 
913.5383835558589 -67563577.22097823 11.501805256995782 
1273.8474145059008 91817578.7593667 16.619052611815142 
-6.121671366630835 -79185517.43179673 4.230095808489257 
-445.02331774022895 -44635096.15905217 17.7566159280819 
1271.4773612860124 70728099.14365354 1.4238350372657944 
806.3156423799794 -19100175.88338171 8.879598185730682 
1183.4972195089526 79396641.67601356 2.006663231531234 
-219.5465473900449 -65946106.234951645 -2.84201242679784 
1625.9049056393146 -5755794.752416357 12.515079679191507 
-159.5119226242541 113847216.76623493 -1.439512775667314 
167.7118640020052 127871425.0792669 16.074746002097804 
374.7927554036181 87209626.30445372 4.064962152703467 
1337.5391625312282 107456805.85527822 8.30691087675822 
790.3380606083177 -23402030.89724422 -0.21789326990239744 
1832.8828499647339 75185693.03948678 4.258201965761241 
77.98399471540552 92451503.46102418 4.987545258824311 
