1 -947230 -371436 -20520 454196 -415837 425468 308483 -41088 37427 564364 74665445327 
1 232387 -12324 -8411 52899 84778 764626 527559 -28252 987691 406729 400143639658 
1 -658382 86067 -853132 60754 696760 386661 -875473 907594 -107032 -15242 1512661864042 
1 683691 417567 149161 -517037 290979 994749 514827 -549356 671284 871995 897304884525 
1 -304258 -778403 -956676 558436 958947 865241 913569 725878 44206 309260 714392931955 
1 -654181 -496939 201449 -759296 565269 -497769 66122 738478 -546903 -171564 -1346740985398 
1 -459077 447377 -535365 338377 -464219 -384700 746404 -680304 447763 -941863 -193504544422 
1 116654 537033 823766 -307910 -784033 -787100 -287725 -15137 455698 -570085 -1457233054782 
1 457634 -731384 725977 875064 -853493 -964889 -456135 -914632 96099 854293 -493292081350 
1 -559278 749821 146205 -308399 -604194 -969685 382585 -526030 -103416 -664229 -1231915286850 
1 717936 -972938 467067 -798349 -19898 -99608 241281 -408107 -475139 29366 -1191968177994 
1 433242 -354489 787402 501685 -510353 -43433 34907 -968435 -635693 956089 40904380825 
1 -302213 415895 -602647 172946 -331761 -108628 -737819 -74782 -80808 791961 987677251590 
1 -270543 -496942 -880025 -608127 542629 313725 -314766 310621 646741 139130 702169172732 
1 202124 880534 531522 391736 934214 45359 -876757 -829281 -65179 -862450 2470628577046 
1 -198928 -536223 346105 85141 -784033 764613 -746369 -195959 649423 -2509 588974564828 
1 788827 204013 839933 -511862 -901845 -192782 -599889 43021 -601600 280136 -1152718430674 
1 -828926 565883 938452 -453849 131162 855100 -67988 295242 -704927 -245879 187495070074 
1 -988959 107394 574077 -449271 91093 -765188 -24822 232852 -766768 582180 -1173177022276 
1 877207 -414433 -506777 139669 -767264 970575 -32974 -895677 774745 -757445 1031478222415 
1 -171648 -284828 -182451 56902 -493711 150350 24785 -302376 601010 -651485 -29314508851 
1 -971293 -799817 723925 705521 256735 -692698 -798624 -944281 540977 -196187 959800380931 
1 -307283 470917 766330 -369066 -544200 973598 772141 930574 657260 306753 -1323964123504 
1 -300367 -637533 -995416 -934315 -5573 -79643 356704 408064 -232764 -752821 -1088408355668 
1 712870 -230616 436544 173555 -224830 556664 562779 266866 893624 153352 -599738807228 
1 -997339 702614 981726 -997445 434798 395444 -353390 90673 592290 -511740 247118497673 
1 -979632 960173 984069 736743 5929 -260212 -186372 -768597 -515084 -735074 904884840476 
1 -712824 -411739 876211 -749631 -741514 155601 -664529 804964 -837169 -468435 -1574520280042 
1 -933666 890557 -390036 347326 -555282 610203 37410 42309 222979 974514 939554666575 
1 -446 2695 -142476 -872876 931809 782630 -750104 231705 594216 -340088 1488137868467 
1 430579 998523 -728526 90620 901976 371961 72406 832480 -832959 -110524 1019563578584 
1 483683 505277 974740 428462 417035 882239 -115453 11352 -619312 -519377 1055636957680 
1 -88128 -134324 -784526 -622156 -853503 875066 410025 -641372 -570981 -134140 108005493057 
1 -120591 -993654 628937 828939 -118502 -184551 -98571 -653447 -345355 -438836 116533488969 
1 229220 -815481 938320 566291 -980093 804713 766641 18395 276734 -897174 -1288547267668 
1 555042 302508 428803 513355 -218079 -504175 602205 145792 -645586 -64921 -1156869743808 
1 10277 303648 -945038 715863 -307358 886852 -176731 -812786 117123 -130683 2324526702717 
1 -211699 -141820 221064 -260022 298732 95548 795556 757207 539895 -517287 -1269536085356 
1 946919 -355667 -475787 -372636 655057 940525 31461 725464 -867112 140773 468069995725 
1 139937 551573 793555 -806922 79548 -477344 -380649 253822 -547804 568348 -887101417808 
1 975466 -530398 -190587 -336369 -585213 837841 -852861 -880555 -684631 437344 1262082291246 
1 -898694 148191 -670756 -990305 -755247 -583545 491009 287849 -747940 19087 -1973007781337 
1 436439 886002 -54325 -111180 -734918 -733515 -695416 -572066 -37399 496703 115143857997 
1 -10079 -759133 457577 246453 -292024 -377034 -401338 388961 99426 173544 -860036397629 
1 206607 518876 -884053 543200 -973462 893934 -507844 722418 -564492 474717 791510185230 
1 -144702 3367 -834776 -186811 -752124 880313 549089 -179260 163728 243402 139166571182 
1 -59623 143907 810848 916734 39753 -171955 -3647 173216 790247 -847633 -23731556678 
1 147246 -420880 787460 639489 -121561 -179324 -286859 52501 -728400 -783776 -322294736208 
1 85779 65362 785006 964218 -207767 -528385 -480699 -951081 -972519 693680 747673023487 
1 420351 -590735 -358121 667669 -836026 -25315 828187 576192 460992 513580 -1518279475705 
1 976031 883909 -711664 -17616 -687529 49832 -478587 934143 916886 22501 -188690814652 
1 975545 -894886 -667559 -847874 155800 87616 41401 -78113 -757816 -93213 -477645778727 
1 -305966 231859 -42808 -614727 705184 -885454 211171 728545 861387 835909 -1061445769463 
1 981778 -218384 -970564 376222 -30316 -301550 249659 -647544 -915917 170877 452908552497 
1 -46802 251402 -3205 801857 1241 -186783 -460955 -607219 -947574 943202 1315155219684 
1 446789 -509496 117642 -1985 638521 -123314 798023 -572965 -238505 -316820 -185034433866 
1 959394 500225 829367 577516 280429 -948234 273558 4271 907611 467065 -696734171343 
1 183045 -646454 801691 425515 251591 223733 769893 -716558 140041 -544587 -144248584922 
1 627725 -139895 -444848 630948 806296 -52409 801615 -747777 621248 232506 1033124022551 
1 52855 333828 -825881 -942402 -797197 -699861 151029 301348 321142 -696808 -1713685213019 
1 -636141 608672 677636 -163178 -868792 -911074 -258327 687975 125389 413224 -1902256368913 
1 638183 -237113 -466873 544547 -103042 240516 -428225 104631 297565 -770336 787170907273 
1 96542 437029 -633872 398963 280791 -314476 -543162 990597 207252 -687409 331048065982 
1 999326 -656566 840054 419223 416565 527362 573037 912833 904264 510191 -830156618829 
1 -785419 608360 861556 623184 608070 -681415 -118518 -459171 575814 288854 717235939230 
1 -446985 -431099 819476 899797 454637 336587 -13277 -157937 -765223 45602 781281307688 
1 -311025 936371 -373091 -845028 -981088 -282009 -376996 -115548 38843 452379 -527928757306 
1 -149814 291829 809224 813318 -242611 -467697 -604487 -316203 -684670 -933397 293974113099 
1 989834 -15531 -880606 -273865 928698 -962588 -237828 -8108 843594 497170 386627391305 
1 955861 354970 657866 490092 -978705 -869281 606950 -674051 993737 966760 -1405327322931 
1 -543765 698474 964491 650221 -476248 201864 751955 -91642 806317 420225 -461117728676 
1 522663 487164 -837070 990096 593486 -877896 665788 517231 -108827 833903 -86147993894 
1 263031 -678497 674633 382599 417409 -107548 -526907 133557 580799 -413349 242909883605 
1 -929065 -137914 -647596 681961 -84804 -486583 -965804 -800418 740893 -814051 1762489845698 
1 305788 122279 -78798 151843 467894 880165 -920809 525255 38706 193708 1717803945177 
1 -32086 413215 852340 74022 201339 -905952 431270 -190212 -912713 -822366 -1189092388750 
1 -989506 -912653 -919796 448648 763162 -304657 33935 86563 834890 259305 810554373996 
1 -217179 777920 -799264 824813 526088 -709502 -757691 -230762 -252417 -556279 1818545387343 
1 540056 95422 -310966 -864502 -618812 -348804 -191057 -233720 -434152 -553844 -926462178526 
1 -42377 427047 -795567 552040 -216247 666738 -696959 -110974 -143659 262091 2007656553752 
1 241980 -908363 -977690 -773443 764535 -287163 609523 -295375 -72894 416865 -284185999463 
1 710060 111991 479350 -600944 -830947 464072 274599 123763 -91139 898624 -1187212190213 
1 -540720 -767857 -389701 -162889 -369120 -824713 513298 260422 -854505 -73110 -1903124258831 
1 -796157 -969514 -757962 -827754 239291 822046 -441088 -347174 519386 -844071 1125864199552 
1 -960567 238656 931902 688643 -224587 727969 534164 768092 662841 -958866 -485662418612 
1 -263480 -617597 -503705 -40466 -432947 -602381 -175399 475123 -940744 -78999 -1167218838742 
1 -878696 -623934 550163 -71712 -100503 425204 385030 224128 63912 355064 -656999798226 
1 -544177 520487 565232 62931 -177020 -521544 96791 -873072 -763630 -77583 -36899331046 
1 374260 433369 659917 248598 896579 -879965 -140798 322401 935059 -992418 -201755759539 
1 692308 -991396 -159667 -682357 461891 941376 227001 -850377 -695883 451364 853302916893 
1 -492885 169908 631512 264569 -807464 349648 -446976 -910209 -988221 432924 688657526149 
1 -34695 -518002 700879 -85291 986831 -1486 -598382 823900 -511935 475305 100634920547 
1 -889943 -889277 -158490 -83868 -674376 -692304 -763128 -285811 447588 -284995 -464702975321 
1 272836 397238 -935906 -530649 6036 -580918 714626 -149105 234441 120603 -740038662876 
1 -326698 -180322 168115 -752804 755358 564635 364246 -180982 284436 628940 422601341570 
1 -801236 -847811 602547 -960199 -996132 227173 -121602 -972652 -959921 236443 -917065603428 
1 -258674 510872 503735 546682 -860588 -577733 183008 -319413 -934203 921216 -808214928811 
1 -481772 241499 -390587 -706502 -590307 -826072 -578797 122208 -860207 405063 -918465211374 
1 43772 -799509 -313314 -217349 73669 -199578 -597971 -688594 -179428 -654420 603953178720 
1 750011 -545289 295616 -397684 491483 -19264 436374 1497 246213 430706 -627140717457 
