0 1 536340108 230397422 610619125 295792352 
1 -0.9342657445186171 -0.716095391134386 
1 -1.1428399880272966 -0.6094287251889461 
1 -0.06472570252977917 0.5530143456853137 
1 1.687956339198969 0.2852459518628798 
1 -0.6768508807359832 -1.2821996019694248 
1 0.6688819504239071 -1.540375665291035 
1 -0.7019861055563373 0.11317077934455858 
1 0.4918234935805835 0.901855423902238 
1 0.8420039656520115 0.7804225952400554 
1 0.5690912808911551 1.2348642536910488 
1 -1.598672388790878 1.3043774573319598 
1 0.859583828155855 -1.024851416712762 
