17980.08436799352 -0.26614534878808693 
5174.464392527187 -0.5207187017397155 
-4462.672016223395 1.1108684414448435 
10936.701447386575 1.2229539802061522 
-5351.0569541024915 0.915906843080232 
1369.995710829272 0.4158215069345649 
8258.600175896472 -0.24755146323527577 
-1213.925001663708 0.9598839657870667 
-4531.12716566546 -0.3407734201018241 
1218.1211608902322 -0.45581512390178336 
17249.32627840114 0.6157828012466715 
1999.1525838652115 0.20246450659193882 
6788.69775441532 -0.06307720404385253 
14686.005920086753 0.898905055658292 
12235.790361244224 0.109082291539088 
-4147.693112445458 1.0558623835052328 
7465.49031864935 -0.36541600942064767 
11679.506952921794 1.3732015208816484 
12869.646932050218 -0.3222629170846998 
16242.8415279006 0.41639033736154496 
15123.796833852484 -0.7128461919002556 
2179.0434863041633 0.43013556543036513 
-4109.445509694352 0.2710636930398084 
14393.411252105921 1.231226406882243 
10952.276371338696 0.6888972896035278 
2330.2359865606318 1.2533543751696938 
7299.846945999712 0.0652201841998502 
12315.247162311418 0.09531230013446323 
6401.165712527705 -0.17564127568815024 
-809.4842220742057 1.3451520643379329 
12198.066505224884 0.01063986620675561 
-4137.013361757984 -0.27391657572735717 
8990.855947452223 -0.46851922943828905 
-1294.0947523193881 0.26991923376073024 
16561.340635590554 -0.22761700130695672 
10799.667836987916 -0.4039038992796702 
9771.924820616563 -0.37551223141199064 
13140.784632370509 0.6452082391768165 
13051.714717690327 -0.2278863714037742 
-243.0655431774012 -0.7026455603792878 
-618.7973056685787 0.9177604917088795 
-2499.2007907136604 -0.02232022463597194 
-857.9171895832442 1.0923782558548456 
11588.517639856109 0.26313095866636826 
6381.544491214575 -0.14380432137593402 
-154.86815635926177 0.9633932542875184 
7596.877972216568 0.12734587409686904 
8221.464384263621 1.299354810707431 
18342.22356924189 -0.5687423569849324 
8346.87354879461 0.632347820012254 
12623.630559438025 1.0909236836662377 
6593.077581717773 -0.27638538509831245 
5199.072972760121 -0.10433693304918112 
11953.723746284453 -0.7580509975377977 
-2935.7750378406254 0.8619577551032374 
7327.685839335117 0.6235956603923895 
12269.00600767919 -0.9219966360281637 
10933.133171541616 -0.3472168539454463 
18348.299519476517 0.7319430340484245 
7611.400540685423 -0.858319265744785 
9399.870941608897 0.41849820246938507 
142.27820999908545 -0.7543452172838683 
5911.111011151632 -0.2164554070503404 
7002.020381659418 0.9592261938848025 
-635.1752249172632 1.0357650040266826 
7171.474187625849 -0.7583709568792223 
2048.780545256304 0.45423192648656185 
10706.741775792954 -0.46914485967221964 
9852.300209090761 -0.49206966442817135 
11010.46094136739 0.9910591009860513 
10063.311606646217 0.5987810603047253 
11259.533070569458 0.6189179098325539 
9061.388414210363 0.27563130938817093 
5092.944419442416 0.6881999203097314 
13009.12284129551 0.0970610732210414 
-1362.7235991242242 0.8702942134279215 
-3012.713688287022 -0.5060892898549151 
1250.9527254458412 0.20602482936068434 
9535.189465548321 0.9172660062382051 
220.33225131559993 1.2194196692789045 
3174.2006359361912 0.24434566508850764 
15066.60858246515 0.13070658460295936 
10434.86578058182 0.2854324298754741 
11440.691976414753 1.2366964306973987 
9827.780376769297 1.3279460399500373 
-605.1114514806177 0.6039421489046038 
-4989.593825461047 -0.4152543132580856 
12157.090372216997 0.7634124003071713 
10566.226317553617 0.09114755274983455 
-4411.053338811796 -0.48017922719906914 
7599.041474822099 -0.4969588082842179 
-5151.153371022482 0.42162491943518443 
10269.536010158772 0.735384808938399 
6101.050645806735 -0.18279228947494397 
17110.65021763471 -0.4967505499972007 
-3132.8759482427813 0.585517752678468 
3585.9696611268682 1.1916078568777015 
17376.44672819281 0.5872486227930532 
-3060.609938943774 -0.31113803371718207 
15260.254516022604 -0.13363680202758632 
