1 970901351 462005959 367985443
1 857667555 978573786 739685480
1 363858329 911736875 952926629
1 426182564 500673651 852298317
1 259334714 479980902 194725777
1 414011659 520200755 793577405
1 469692512 591749508 813947789
1 478998636 923099605 431811526
1 426419208 414282223 151783174
1 201690191 245607309 970546118
1 497670576 916790109 346829198
1 551146152 990384001 756753304
1 759028221 287253050 615880393
1 689065298 730213926 455946882
1 244974477 696951559 231337263
1 746486959 724885011 974720596
1 729227496 536973463 615104430
1 451171857 734598667 933097063
1 354869150 785201227 802439648
1 400364841 470010921 285770734
1 880956960 548299602 576982142
1 938201860 847703462 524550674
1 605344433 965309409 960542094
1 911773153 176280370 600009526
1 915174539 650285375 815906094
1 884589198 870612301 425208637
1 968420351 884884618 938236492
1 490881327 868038513 670459537
1 563332941 382838269 172447800
1 865138509 842802818 590221793
1 432869364 369790171 853726450
1 906689389 549348409 548502591
1 484717700 537128767 915922964
1 790445358 342954503 123719481
1 658355042 695565517 149845879
1 500389807 622382186 514397623
1 868940931 541362605 293414373
1 616904143 750289586 109405459
1 595018556 669643119 661610056
1 899061175 553549956 873998403
1 583495505 536531775 952944794
1 707435804 217727874 824219350
1 833245791 495964441 593484618
1 465954257 474824724 101502708
1 342023135 621832084 313876843
1 614995814 952668264 440120124
1 583141051 584749064 282141073
1 561247820 451879722 647150578
1 462214330 657686158 720434508
1 924549497 262748500 243356559
1 476300902 901597262 625082194
1 654314972 315770545 835038487
1 943103910 912706006 197241609
1 772213687 965075083 887510492
1 579023566 535107910 865153361
1 299075999 721330286 167951875
1 223133496 358783612 380170978
1 665866779 274935126 376845498
1 998020275 586990721 868387889
1 762332667 707035576 673490908
1 710325194 731395680 872993533
1 958937001 883034671 684395233
1 481177697 867993777 436572423
1 626040076 542305782 162263206
1 627960835 417480633 423216694
1 408996062 507405158 920520450
1 682297119 550663868 800724415
1 647637832 970390269 658529343
1 712815318 980423264 630238737
1 665258539 625063161 222980969
1 633659759 202563439 321498909
1 378510080 637164396 831270689
1 417658468 746554383 891709153
1 954903576 878784015 124143188
1 706557444 644721299 628563569
1 989943464 288882239 910913609
1 283324892 701078982 673593995
1 725927818 482476732 254074657
1 580770693 439269621 563676180
1 957873956 440639990 654638424
1 917482150 809632106 336179863
1 812581554 645843084 389549656
1 910671452 511704790 237797466
1 723718227 536736555 820836654
1 631611025 831652028 185086262
1 874780066 880077810 253622958
1 723042311 975148896 775310573
1 518851300 960109740 383553148
1 956885587 356134605 338268970
1 406435135 701645266 283171122
1 77347929 290021115 545103245
1 677828803 942766006 320216451
1 578447462 463255826 789537793
1 543471353 512365972 861722486
1 534022693 957051235 657554079
1 960910290 788447809 808095805
1 633693302 631354652 154942160
1 526562160 288611548 468918095
1 428916536 999633829 794703355
1 165005225 641752435 694450704
