0 1 -18960 594969 -34597 568262 61236 665245 25521 578436 -73972 586078 -18355 609010 -24834 516392 -54415 553946 -23393 615815 10715 563342 -38011569416 1020303354453 
1 -1.5601989347344147 -0.5927529906979527 -0.12289607588181797 0.7410932237965825 -0.5833097301041841 0.7287614324887933 0.6454728190986693 0.02405830171171919 0.09876342732801247 0.982793755835709 0.11043481749935817 
1 0.4224539429785417 0.0391949488088241 -0.10469375944201009 0.04733107897848682 0.2708683827067387 1.2856619759938261 1.0697164169855458 0.04723023543811129 1.6418632219091773 0.7029726169893245 0.4294362134180198 
1 -1.0747148170745031 0.21233867476621698 -1.3744830851791445 0.060910800849186424 1.315067277734363 0.6650399829231047 -1.6472737765108678 1.7366476154715442 -0.13581838701558097 -0.046076805918962196 1.519816069103624 
1 1.1809875808655577 0.7956963513309002 0.13216935114130884 -0.9379741233256574 0.6227003914154772 1.6635260504753617 1.0450607290585447 -0.8934823972011713 1.128061187207197 1.5288758871165296 0.9167042819754692 
1 -0.47951742023534 -1.3089138460780414 -1.5301310043668122 0.9213033075396414 1.7624258204539327 1.4508727278698215 1.8172299338487041 1.4086084203153375 0.10977160348481281 0.5299533853325333 0.7374321549441297 
1 -1.0676539449954536 -0.8136071037655166 0.21076896481747326 -1.3567914168551058 1.0907097690068557 -0.7872021805881677 0.17613750793970473 1.4313543197351366 -0.8501092048748407 -0.3235672113920141 -1.2826865757817973 
1 -0.7397309775803446 0.8481545484301255 -0.8968139557606596 0.5408653679923103 -0.6658618818655537 -0.6015418466035041 1.4935126802893925 -1.1298736699967145 0.7650934127944269 -1.6909408494307188 -0.1523987687851542 
1 0.22793456465799058 1.0059268436038307 1.1462393554254449 -0.5764354224149257 -1.2115469272008164 -1.2622863335577412 -0.5090919301615827 0.07090582836594181 0.7779787760934697 -1.03099005577429 -1.3909799268736758 
1 0.8010400541876972 -1.226172082595704 0.9992423843847004 1.4686897081094539 -1.3300635751555254 -1.554217500533653 -0.8352201428372245 -1.5528896318413707 0.19403879411836347 1.4974527019110948 -0.44622073420319464 
1 -0.908144794098516 1.3803808806501225 0.1277258754293531 -0.5772808054823697 -0.9046952794679206 -1.5620925764765767 0.7889723310973059 -0.8513735995927401 -0.12994649367098884 -1.1981070113714227 -1.1701458318482838 
1 1.2385452015147007 -1.6512471360041672 0.6100474261362355 -1.4243062326687828 0.09226416961564843 -0.13341817047339125 0.5153352491905374 -0.638495449014886 -0.7335742065393016 0.03310777467328905 -1.1309936437449561 
1 0.7600429602214569 -0.5629304792507681 1.0915767874993423 0.823192194123464 -0.744578366702043 -0.041178305774946224 0.11568924383026848 -1.6500164275940254 -0.9942921169507076 1.678152880488229 0.07734557560413788 
1 -0.4760802663668191 0.792754046548951 -0.997952633991988 0.25486830003665056 -0.43985442210763753 -0.1482290931183396 -1.3807049683186416 -0.036767121705003736 -0.09323416935280888 1.3868058834597812 1.0052782993699823 
1 -0.4228506023002879 -0.8136123830205082 -1.4149087930010749 -1.095450490633363 1.0520800985534349 0.5452784026534868 -0.5614571875629367 0.6589739794131558 1.088206685449364 0.22795211434616983 0.7254516403553549 
1 0.3715891080039464 1.61040329988632 0.7069365421761907 0.6331123927279768 1.720224952992605 0.10461897177386249 -1.6497602596477094 -1.3988114364938098 -0.0678547940534089 -1.5499731956786464 2.4587198851334953 
1 -0.3024829865085408 -0.8827371881280114 0.42821667205315334 0.10307103983846096 -1.2115469272008164 1.2856406298747147 -1.397262157430789 -0.25551949106952665 1.092561889528511 -0.023474195071555112 0.614509529452774 
1 1.3576959471838028 0.4198943445101027 1.1705416801328834 -0.9290275847284747 -1.412564539191029 -0.2864107321718855 -1.1136016824427954 0.17589440125932854 -0.9389297110333461 0.4782547724117854 -1.092524940149404 
1 -1.3613583228706034 1.0566956791057647 1.3186359912513435 -0.8287347260543949 0.3500114319254434 1.4342211129538103 -0.0835682969527026 0.6312113455102122 -1.1067187385822042 -0.45548530022615036 0.2210192081656906 
1 -1.6303353620104577 0.24986889850104355 0.7709054558846741 -0.82082028089538 0.2816433990014981 -1.2263066287909887 2.3238160157399804e-05 0.5185830387799533 -1.2071401313706227 1.0144193047917607 -1.1125764194596608 
1 1.5062415016580695 -0.6684170329883047 -0.8538403144706086 0.19733903145723986 -1.1829346946993404 1.6238321209832351 -0.01576321864010287 -1.5186714950554747 1.2960678125735814 -1.3635766550337096 1.048207660166294 
1 -0.2566318581304236 -0.44034441859564777 -0.36631165961412715 0.0542514642933704 -0.7161828289067326 0.27701515574456903 0.09608785573750174 -0.4476266639708564 1.0139457466934063 -1.1754848741972017 0.008523994875683444 
1 -1.6006430587139835 -1.3465971682076225 0.996157806522409 1.1755838156684577 0.5642713085971491 -1.1072773846078061 -1.498454662349533 -1.6064128994522933 0.9164603005772838 -0.3672760064046352 0.9779561597951837 
1 -0.48460171874501023 0.8895791025970415 1.0599012393930056 -0.6821618986370143 -0.802330065281413 1.6287959146812039 1.5433527242869758 1.7781318034609872 1.1052881141251838 0.525503157939582 -1.26036295820807 
1 -0.4729775837060418 -1.0610176291921685 -1.5883651887650414 -1.6593642166116909 0.11670630871658721 -0.10063545754585311 0.7388534291778339 0.8348810172832731 -0.3399900944277096 -1.355368497289391 -1.0294945926303787 
1 1.2300304721758613 -0.3449447613952719 0.5641650820374449 0.2559211390715654 -0.25740259828896495 0.9441864665604834 1.1379204170475143 0.5799861358327346 1.4891111778699773 0.2531978797959321 -0.550549241419627 
1 -1.6444201294521228 1.2973082838549823 1.3836857097760975 -1.7685033434986757 0.8680926429587871 0.6794617493965617 -0.6362530790562209 0.2619172265888733 0.9997856499110934 -0.9274206432327077 0.2794561694270451 
1 -1.6146589150022943 1.7505481626432877 1.3872077204638893 1.2295604008049292 0.1363316828135504 -0.39713140999326774 -0.31282049295883746 -1.2892628523357872 -0.7984394663981877 -1.323865431656081 0.9241334018719374 
1 -1.1662187441698644 -0.6636762620059057 1.2250749723785974 -1.3400825674750534 -1.1389985633311608 0.2856373458563899 -1.2387779051573224 1.5513768490069428 -1.3214618026517704 -0.8505490448075946 -1.5059332147837008 
1 -1.5374011082930372 1.6280412908130404 -0.6783545911656608 0.556336396766453 -0.8212388112162545 1.0320979951068128 0.12053633673643278 0.17460907741909862 0.4000746977582553 1.7108594779015234 0.9581133216160874 
1 0.03111758763901985 0.06562465904811512 -0.30622101631729665 -1.5531484900663168 1.7161214036356935 1.315224708953876 -1.4044950347797798 0.5165124398407065 1.0029132125719575 -0.6227176386635472 1.4957800846407996 
1 0.7555670967731092 1.8180346389517512 -1.1871746499409992 0.11254313355323665 1.665218622777173 0.6409024482356611 0.18830655780879643 1.6010495607875135 -1.3146253339070988 -0.21521384878102467 1.036530109779931 
1 0.8448221672053502 0.9500441697667625 1.3731843155529166 0.6966042915724471 0.837784390473623 1.4787835996124858 -0.17548490294195107 0.11872456882078758 -0.9676915956902641 -0.9409772394034175 1.0718856527550293 
1 -0.11625479646838743 -0.1754947541802901 -1.2713541627520688 -1.1197038220304407 -1.330080637730814 1.467005467890511 0.8421102573238934 -1.0595924512497608 -0.8892086097285711 -0.25713509732986356 0.14311142057479753 
1 -0.1708173030863793 -1.6877021514723842 0.853371314327804 1.3889488206128249 -0.07597964776019574 -0.2728953547560795 -0.14279268462718245 -1.0813906048604016 -0.5228226009434651 -0.7980072495926098 0.1514697150710182 
1 0.41713097657188863 -1.3741619182700937 1.318437568114003 0.934883029410341 -1.5460757783093717 1.351485197287401 1.5327019008815008 0.13143880450441017 0.48736552373683656 -1.6116124840682924 -1.22565087411913 
1 0.964759508478593 0.5932210846405356 0.5525287675969004 0.8433672869600094 -0.245883653711622 -0.7977208912825734 1.2142693922446512 0.361419705169818 -1.0103570065685312 -0.13426302317242456 -1.0965936449281173 
1 0.0491403753809022 0.595227201537319 -1.5126366977579688 1.1934630624649918 -0.3982166196308341 1.4863581878786885 -0.2941505677857132 -1.3690341657851126 0.22817891736966459 -0.2509985053484384 2.3155253404019165 
1 -0.32394797039845774 -0.18868585265247367 0.2402543423851363 -0.4936466609962036 0.6359290060367392 0.1870297696261145 1.588696184294102 1.4651644745155665 0.9147032793939739 -0.9372672373087751 -1.2070180016219185 
1 1.6234106314782788 -0.5650034667107777 -0.807255973363197 -0.6883337136692737 1.2439112200082583 1.5744897456527807 0.10901601883840184 1.407861055048687 -1.3700851716830542 0.23086863752391976 0.4960108804232227 
1 0.2670676959639914 1.0315136327961398 1.1008260114694586 -1.4391272327448499 0.26194465583079385 -0.7536641434459205 -0.689040496367101 0.5564387142429046 -0.851572306618059 0.9898658363835823 -0.832193528215155 
1 1.6713912825710247 -0.8724866346861131 -0.3785417402611068 -0.6256353339003796 -0.8723088053126035 1.4058816768197566 -1.6034853367209407 -1.4913728052914905 -1.073760788548509 0.7573179347536665 1.2742228622378684 
1 -1.4786215752417353 0.32166148713093606 -1.1003344632428653 -1.7561597134341569 -1.1624305979750136 -0.9280471585031445 0.998936854172799 0.6178652792871507 -1.176566014143858 0.014861309826002677 -1.8964910812808027 
1 0.7654163494232472 1.6200256219842255 -0.17371194071357168 -0.2363286517436674 -1.1277440886707912 -1.174299272589941 -1.298590992889123 -0.93447917306019 -0.0227438435244351 0.8626873196033671 0.15010773682608242 
1 0.014926828120456696 -1.2750034315157446 0.595782005125931 0.3819471817106819 -0.37205286668327425 -0.5889542043644603 -0.7291050209918046 0.8003957064407 0.199441390677395 0.2890411153437876 -0.8056670838387079 
1 0.37912395435728585 0.9739750326433934 -1.4209637051011281 0.8949633148697522 -1.5347615846354923 1.497986896766884 -0.9353553114688067 1.4023623241254564 -0.8786713542216412 0.8236595176642253 0.8130148264490604 
1 -0.21134210353816754 0.0668072121662191 -1.3468902434441445 -0.3670795040419338 -1.1571019557123796 1.475621089965682 1.111409549334614 -0.22537395341784217 0.30385911353247325 0.4130474915770527 0.17365241408324866 
1 -0.06834473728883353 0.31412271100302325 1.126820945666634 1.5407287928137252 0.19404413746975657 -0.252212607346349 0.04102890827123581 0.41092633578002186 1.3212409571056243 -1.5236712334603135 0.013995850033890882 
1 0.27935236961925747 -0.6797621519651147 1.0916639734233253 1.0614277119681348 -0.0811990895409826 -0.2643125728641566 -0.507414909603557 0.19300798272755829 -1.144835705528446 -1.4103173560643445 -0.27862612187961344 
1 0.17604110466259587 0.17590301656630217 1.0879751069154973 1.622819119141962 -0.2282887260740038 -0.8374739331045468 -0.8827886566794219 -1.618688464218534 -1.5412518369965005 1.2123452538599997 0.7700499949098152 
1 0.7383762851509911 -0.9786647708275408 -0.6303797848912807 1.1101452883292189 -1.3002603748989043 -0.01142838377038144 1.6518865513021115 1.1383907456683504 0.7865755137500711 0.8926460302977587 -1.4508115648434714 
1 1.6723409118794426 1.6163424617517976 -1.1618275973513517 -0.07457523390660332 -1.046886250635581 0.11196367875732746 -0.8786987404917195 1.7845746697331508 1.5268855094468305 0.020921571620791633 -0.14768082901852403 
1 1.6715240625982195 -1.5138949991377217 -1.0955287149847048 -1.5099250392437538 0.3920502049215292 0.17400535294986946 0.12826496150211467 -0.04278034321034902 -1.1926032980684134 -0.1844847357377934 -0.4308857825393454 
1 -0.48238815803848606 0.4688963893415361 -0.15639952198062368 -1.1068605688442628 1.329440791157491 -1.423784502717525 0.45702683232892843 1.4134229690258617 1.4367626641117868 1.464818884443198 -1.0030685438603488 
1 1.682000238667897 -0.3234194790431174 -1.5510075235439575 0.6062917937334468 0.07448837867997092 -0.4650087847490189 0.5315593580070954 -1.070734331505237 -1.449337869327639 0.2843068686517249 0.48115113977664975 
1 -0.0467957154070212 0.5032872161080628 -0.09686807116175243 1.3421294663540997 0.1283327475182484 -0.2765603192065812 -0.8445541371671134 -0.9979384272113166 -1.5007445417860883 1.6552769010654274 1.3262396748910554 
1 0.7828122137455901 -0.8357043054084208 0.08478981427894985 -0.047552365343789114 1.2156965455110071 -0.1723436396775094 1.5934735627197942 -0.9361020749314916 -0.34931269943083554 -0.5814141320902755 -0.14409720776505844 
1 1.644378110456175 0.9411539043610165 1.1546588099121375 0.9542888063675151 0.6046993744859899 -1.5268698379336956 0.5778400904739035 0.10594173439288306 1.5118241679725242 0.8100762946842238 -0.6456144626517974 
1 0.3395218910565088 -1.0767163737853314 1.1130560921164383 0.6915095187713075 0.5554943198686865 0.3975107141097847 1.5389994422841562 -1.1953204825019046 0.265394639623913 -0.9857280302196534 -0.104122969940597 
1 1.0869221757772254 -0.1852983306995717 -0.7607482957406669 1.0466620334833932 1.5019639024157194 -0.055916980016748496 1.6004295186602426 -1.2516779613897384 1.0468095125971273 0.39370577730756806 1.0498207099801724 
1 0.12070376775932863 0.6483365067521671 -1.3335192297574578 -1.6733450200195008 -1.2340081013107471 -1.1190390962381571 0.3405610466467335 0.6422340805782513 0.5594780900107987 -1.2559386660323568 -1.6423288586572902 
1 -1.037333037519602 1.1319936930500367 0.9265759231561305 -0.3262227800482681 -1.3561676090895751 -1.4658527774584982 -0.4521623108026461 1.340184783354334 0.24160177975528366 0.7145020254126268 -1.827147574650923 
1 1.1044995621620621 -0.35637786795527415 -0.7938563987703778 0.8972920081046132 -0.04960090636399933 0.4250685538825307 -0.7811720553378054 0.2871146285016951 0.5211922411763273 -1.386459734938989 0.8087618972216285 
1 0.19413112279799452 0.8299446382126554 -1.0448902284120887 0.645606428368912 0.6053170397114377 -0.4862333951823451 -1.0037490898387271 1.8864871305145268 0.3745361837564853 -1.2392543073301832 0.36171559545235293 
1 1.7114942123034982 -1.094510982610134 1.1707235680087786 0.6806319108769163 0.8369824494350582 0.8960723140835126 1.1577851709553981 1.7461052160318875 1.5063890941272948 0.886630146518456 -0.7763818926555239 
1 -1.2882335046027609 1.131444650530917 1.2030454945170577 1.0332396323880257 1.1637392974996503 -1.0887505952283214 -0.18142031634882028 -0.7306777194889033 0.9730308615412097 0.4937302739721164 0.7402185882755424 
1 -0.7194072296203667 -0.6977450542179487 1.1397906034618825 1.511448111804936 0.9019430860738673 0.58281801612453 0.02238028474492246 -0.186881031725114 -1.20463126101183 0.061928633050615786 0.8029894967298576 
1 -0.4908911220584602 1.7086625535404443 -0.6528827725123827 -1.5050048752152356 -1.547773504550589 -0.43292228370634306 -0.6819664131125192 -0.11035913247861705 0.10106281919082842 0.7840068732670384 -0.4801681634700221 
1 -0.21993414782955079 0.5744286966223326 1.1243797397951132 1.3619432400473 -0.28774156340964857 -0.7378236810561403 -1.1225057708097723 -0.47258758073891677 -1.073824119256595 -1.6759126782664882 0.32537938943950895 
1 1.69554043992208 0.03355142522287255 -1.4157821554464896 -0.5175784356437013 1.7108132364634059 -1.550439237450945 -0.41246572371376783 0.08359479082798685 1.407869246445767 0.8635163009326484 0.41618892936861446 
1 1.6384399859488477 0.6855411764291823 0.896857548722651 0.8031502188660457 -1.5437074928593122 -1.39722828853385 1.2234581480735565 -1.1185855661021111 1.6516811055268221 1.6970951926183384 -1.3401070843759388 
1 -0.8820711667330566 1.2900229119666633 1.3577779615029049 1.0799811906589494 -0.6863864536802269 0.3616016157370158 1.5042622658755365 -0.06720330140483008 1.3473364565656893 0.7269296448693688 -0.4146866296316683 
1 0.9103381856869853 0.9181697878795344 -1.3503385970582267 1.6675569985270626 1.1388552376987364 -1.4113741974680218 1.3373987203519806 1.0319525729944796 -0.13873322345184835 1.461257992480589 -0.04717854182083588 
1 0.47395914745137985 -1.133104096349923 0.9220617967816368 0.6173163496047964 0.8384225307894171 -0.1464557232229356 -0.9722710653921827 0.33933271474114807 0.9811258251260525 -0.7527647503647873 0.27533130396460004 
1 -1.5296679322788247 -0.18181226265349434 -1.0655202218731445 1.1348532940550036 -0.0184821815526261 -0.7688346660974368 -1.8222009636090413 -1.346707079751456 1.2410967579549053 -1.464059132818075 1.7646726409904592 
1 0.5458233958407918 0.2760628020173793 -0.21049989101759503 0.21838543935716312 0.9245629421339822 1.4753780726096453 -1.7350675455855242 1.0464377394186437 0.10084034978037235 0.3248346475142986 1.7208759600073247 
1 -0.022061653632374122 0.7880379120898459 1.189191951837293 0.08384851565255275 0.46975146652834604 -1.4574424065286284 0.8832514833692234 -0.2451448336119405 -1.444135008078725 -1.4788192607687691 -1.1281750807838045 
1 -1.6312547376417932 -1.5451605069492593 -1.4746927823583793 0.731501842900511 1.428366190165814 -0.4701105072166303 0.1138069528575191 0.25449773082574834 1.3937351314924125 0.4412772347881039 0.8316800485939095 
1 -0.33315853431019093 1.4298281426525088 -1.2935084066772393 1.3818157929312838 1.0238568927685394 -1.1348697065729627 -1.4191873615392958 -0.3183469146812144 -0.3719038997101402 -1.0064827405022172 1.8196127148423697 
1 0.9395716415477109 0.2288011515814888 -0.5594961254876023 -1.5386715211363056 -0.9296373520248158 -0.5426002857095943 -0.32189305798695567 -0.32368678535452916 -0.6670168800695014 -1.002160321793866 -0.8707710361163242 
1 -0.039358353124280425 0.8123787971041526 -1.2879510556261227 0.9102459044734422 -0.24275778991874802 1.1249289831037257 -1.3015790329826953 -0.10210200994320746 -0.19529566509422472 0.44622272083388065 2.004960695502872 
1 0.4385774721035886 -1.5376111723113635 -1.561719366549166 -1.3812487466201966 1.4307088817529408 -0.44138519892941 1.2284407969139723 -0.43498824795196644 -0.080382907204274 0.72096523958803 -0.24127572351163917 
1 1.225307537031341 0.2579584768997399 0.6285113003479921 -1.0830325221805006 -1.2915942929098174 0.7921495541945124 0.579856000867558 0.321652291017536 -0.11001031153836785 1.5761455740917596 -1.1263322969403582 
1 -0.8769532530266283 -1.29035550503113 -0.6778510172943802 -0.32572315692660897 -0.5035984971283686 -1.3240472241835108 1.0420998001518227 0.5683532329866088 -1.3496131143281667 -0.14879948592506861 -1.827998194139933 
1 -1.3062815037422117 -1.6452217463071612 -1.2314230095679035 -1.475141588697799 0.5345073522636918 1.379946142099473 -0.8060814265131915 -0.5284973625588054 0.8813994462622703 -1.5173482538138467 1.1407154194763687 
1 -1.5826152286925874 0.48085742140069193 1.3087899946636201 1.146405133843675 -0.25698797770945164 1.2254708461273214 1.082507087638848 1.4848144042921152 1.114350900838726 -1.7211232253231608 -0.4387428966515477 
1 -0.41097939556514707 -1.0259352200217506 -0.849222466910687 -0.11407830771252135 -0.6125037964230017 -0.9589760430863205 -0.2915711320082418 0.9559379434096464 -1.4896535485494833 -0.15925317125298663 -1.1067367997936115 
1 -1.4450097400032607 -1.0370867663155376 0.7349577975031755 -0.16809638404248697 -0.045268718498220374 0.7283279420699168 0.7937071062293761 0.5028342112769114 0.14177147357566802 0.6112610101856422 -0.606670776988525 
1 -0.8827636397862746 0.9768099925738479 0.7576096024772828 0.06467439785905442 -0.175826425834104 -0.8262409484244922 0.23552843576197927 -1.4778642683582877 -1.2020444451661618 -0.15673960045585097 0.0010901055702167007 
1 0.6609083834619955 0.823503947122982 0.8999406233793564 0.38565545712922433 1.6560099508939083 -1.4147715144250506 -0.22456583370772593 0.6802395901405552 1.5563959955506117 -1.780682072346816 -0.16048579023910564 
1 1.1954706883888069 -1.6837286322154217 -0.3320626235447091 -1.2237792945114065 0.9143202781882275 1.5758870954499926 0.48768183860323167 -1.436894570950959 -1.0920325097634842 0.7822051258383007 0.8735779240742055 
1 -0.796554106180322 0.35987801401466224 0.8572420687115273 0.41326611759987275 -1.2515262473595665 0.6042642977947817 -0.817483617097089 -1.5449050990529762 -1.566749754390523 0.7494719016157148 0.7122088665038039 
1 -0.026446756049474846 -0.850672753061088 0.9615149305894821 -0.19157175556154873 1.8100031053887025 0.02769905256071329 -1.1106833568296952 1.5855606864206981 -0.7933259176863181 0.8247032885884595 0.13588751752887304 
1 -1.4639132459002067 -1.504024552055214 -0.33029335057009074 -0.18911167354728958 -1.0244438453584677 -1.106630432997816 -1.4297161846039443 -0.41772302715427134 0.7648092365401947 -0.5249209183764036 -0.41820053226597076 
1 0.49043899766206306 0.7599223597565912 -1.4989094243474208 -0.9615065452357737 0.13651425236913858 -0.9237336004334904 1.431974159165905 -0.1709372393699025 0.41868743047830925 0.19506445462969207 -0.6880572237620127 
1 -0.5172336709979848 -0.2564398112138415 0.16066110981668408 -1.34556804901493 1.4150505564105802 0.9572749215940625 0.7534586128367596 -0.22848255967188139 0.499872526651673 1.0974239449570597 0.4514470220799593 
1 -1.314818082958944 -1.431054689562209 0.8137017189155875 -1.704112468795165 -1.5734424428147789 0.403159225628479 -0.18739252350927202 -1.6576290829792073 -1.5207943944204023 0.4006944271863273 -0.8615614465790657 
1 -0.40290166378416353 0.9598899803259764 0.6651669685604552 0.9009829955258662 -1.3421694723227966 -0.918503801251211 0.4024888069528575 -0.4783823694006275 -1.4790318520984387 1.6162490991262857 -0.754876827595963 
1 -0.7778758221016557 0.48586039538100384 -0.6791828574434983 -1.2655211639662816 -0.8810004811646232 -1.3262787146352277 -1.0727567429394724 0.3188451581923148 -1.3588723886232066 0.7000152660373272 -0.8629332032628908 
1 0.10543742615161462 -1.3460551646951582 -0.5630256522033236 -0.4198735901638211 0.251913567818618 -0.29756982643963154 -1.1098874498443043 -1.1448390276308522 -0.25337966759497577 -1.180694853215276 0.6291900789448712 
1 1.2924555733155845 -0.898691096712432 0.35232132522604453 -0.7316366892793671 0.9648118509822925 -0.0014925863286317138 0.8931354474895041 0.10093402606030191 0.4378035611344316 0.7455346840817834 -0.5774058719593654 
