1 86 65 0 
1 90 95 1 
1 91 64 0 
1 90 79 1 
1 62 14 0 
1 60 75 1 
1 33 48 1 
1 46 79 1 
1 69 21 0 
1 54 94 1 
1 72 65 0 
1 79 42 0 
1 56 71 1 
1 44 78 1 
1 57 21 0 
1 70 64 0 
1 99 46 0 
1 33 10 0 
1 14 77 1 
1 72 95 1 
1 17 23 0 
1 20 82 1 
1 25 61 1 
1 47 53 1 
1 38 13 0 
1 79 97 1 
1 39 81 1 
1 87 79 1 
1 45 68 1 
1 98 46 0 
1 25 52 1 
1 64 54 0 
1 11 70 1 
1 38 68 1 
1 34 33 0 
1 49 24 0 
1 62 60 1 
1 81 37 0 
1 33 97 1 
1 32 13 0 
1 13 69 1 
1 82 36 0 
1 34 62 1 
1 63 94 1 
1 76 78 1 
1 63 69 1 
1 24 44 1 
1 77 96 1 
1 91 11 0 
1 47 27 0 
1 55 47 0 
1 42 31 0 
1 86 86 1 
1 86 38 0 
1 79 63 0 
1 70 30 0 
1 13 77 1 
1 38 39 0 
1 24 23 0 
1 90 69 0 
1 78 100 1 
1 89 73 0 
1 20 79 1 
1 14 94 1 
1 21 57 1 
1 56 39 0 
1 93 41 0 
1 16 23 0 
1 87 36 0 
1 15 27 0 
1 22 71 1 
1 65 32 0 
1 26 34 0 
1 17 30 1 
1 18 81 1 
1 84 20 0 
1 59 80 1 
1 82 94 1 
1 16 52 1 
1 36 75 1 
1 10 13 0 
1 57 35 0 
1 64 55 0 
1 32 52 1 
1 65 61 1 
1 47 10 0 
1 66 35 0 
1 99 100 1 
1 81 66 0 
1 12 85 1 
1 66 97 1 
1 36 32 0 
1 57 95 1 
1 34 40 0 
1 84 21 0 
1 88 56 0 
1 71 73 1 
1 46 95 1 
1 44 16 0 
1 85 64 0 
