0 1 54 26 56 26 0 1 
1 1.2307692307692308 0.34615384615384615 0.0 
1 1.3846153846153846 1.5 1.0 
1 1.4230769230769231 0.3076923076923077 0.0 
1 1.3846153846153846 0.8846153846153846 1.0 
1 0.3076923076923077 -1.6153846153846154 0.0 
1 0.23076923076923078 0.7307692307692307 1.0 
1 -0.8076923076923077 -0.3076923076923077 1.0 
1 -0.3076923076923077 0.8846153846153846 1.0 
1 0.5769230769230769 -1.3461538461538463 0.0 
1 0.0 1.4615384615384615 1.0 
1 0.6923076923076923 0.34615384615384615 0.0 
1 0.9615384615384616 -0.5384615384615384 0.0 
1 0.07692307692307693 0.5769230769230769 1.0 
1 -0.38461538461538464 0.8461538461538461 1.0 
1 0.11538461538461539 -1.3461538461538463 0.0 
1 0.6153846153846154 0.3076923076923077 0.0 
1 1.7307692307692308 -0.38461538461538464 0.0 
1 -0.8076923076923077 -1.7692307692307692 0.0 
1 -1.5384615384615385 0.8076923076923077 1.0 
1 0.6923076923076923 1.5 1.0 
1 -1.4230769230769231 -1.2692307692307692 0.0 
1 -1.3076923076923077 1.0 1.0 
1 -1.1153846153846154 0.19230769230769232 1.0 
1 -0.2692307692307692 -0.11538461538461539 1.0 
1 -0.6153846153846154 -1.6538461538461537 0.0 
1 0.9615384615384616 1.5769230769230769 1.0 
1 -0.5769230769230769 0.9615384615384616 1.0 
1 1.2692307692307692 0.8846153846153846 1.0 
1 -0.34615384615384615 0.46153846153846156 1.0 
1 1.6923076923076923 -0.38461538461538464 0.0 
1 -1.1153846153846154 -0.15384615384615385 1.0 
1 0.38461538461538464 -0.07692307692307693 0.0 
1 -1.6538461538461537 0.5384615384615384 1.0 
1 -0.6153846153846154 0.46153846153846156 1.0 
1 -0.7692307692307693 -0.8846153846153846 0.0 
1 -0.19230769230769232 -1.2307692307692308 0.0 
1 0.3076923076923077 0.15384615384615385 1.0 
1 1.0384615384615385 -0.7307692307692307 0.0 
1 -0.8076923076923077 1.5769230769230769 1.0 
1 -0.8461538461538461 -1.6538461538461537 0.0 
1 -1.5769230769230769 0.5 1.0 
1 1.0769230769230769 -0.7692307692307693 0.0 
1 -0.7692307692307693 0.23076923076923078 1.0 
1 0.34615384615384615 1.4615384615384615 1.0 
1 0.8461538461538461 0.8461538461538461 1.0 
1 0.34615384615384615 0.5 1.0 
1 -1.1538461538461537 -0.46153846153846156 1.0 
1 0.8846153846153846 1.5384615384615385 1.0 
1 1.4230769230769231 -1.7307692307692308 0.0 
1 -0.2692307692307692 -1.1153846153846154 0.0 
1 0.038461538461538464 -0.34615384615384615 0.0 
1 -0.46153846153846156 -0.9615384615384616 0.0 
1 1.2307692307692308 1.1538461538461537 1.0 
1 1.2307692307692308 -0.6923076923076923 0.0 
1 0.9615384615384616 0.2692307692307692 0.0 
1 0.6153846153846154 -1.0 0.0 
1 -1.5769230769230769 0.8076923076923077 1.0 
1 -0.6153846153846154 -0.6538461538461539 0.0 
1 -1.1538461538461537 -1.2692307692307692 0.0 
1 1.3846153846153846 0.5 0.0 
1 0.9230769230769231 1.6923076923076923 1.0 
1 1.3461538461538463 0.6538461538461539 0.0 
1 -1.3076923076923077 0.8846153846153846 1.0 
1 -1.5384615384615385 1.4615384615384615 1.0 
1 -1.2692307692307692 0.038461538461538464 1.0 
1 0.07692307692307693 -0.6538461538461539 0.0 
1 1.5 -0.5769230769230769 0.0 
1 -1.4615384615384615 -1.2692307692307692 0.0 
1 1.2692307692307692 -0.7692307692307693 0.0 
1 -1.5 -1.1153846153846154 0.0 
1 -1.2307692307692308 0.5769230769230769 1.0 
1 0.4230769230769231 -0.9230769230769231 0.0 
1 -1.0769230769230769 -0.8461538461538461 0.0 
1 -1.4230769230769231 -1.0 1.0 
1 -1.3846153846153846 0.9615384615384616 1.0 
1 1.1538461538461537 -1.3846153846153846 0.0 
1 0.19230769230769232 0.9230769230769231 1.0 
1 1.0769230769230769 1.4615384615384615 1.0 
1 -1.4615384615384615 -0.15384615384615385 1.0 
1 -0.6923076923076923 0.7307692307692307 1.0 
1 -1.6923076923076923 -1.6538461538461537 0.0 
1 0.11538461538461539 -0.8076923076923077 0.0 
1 0.38461538461538464 -0.038461538461538464 0.0 
1 -0.8461538461538461 -0.15384615384615385 1.0 
1 0.4230769230769231 0.19230769230769232 1.0 
1 -0.2692307692307692 -1.7692307692307692 0.0 
1 0.46153846153846156 -0.8076923076923077 0.0 
1 1.7307692307692308 1.6923076923076923 1.0 
1 1.0384615384615385 0.38461538461538464 0.0 
1 -1.6153846153846154 1.1153846153846154 1.0 
1 0.46153846153846156 1.5769230769230769 1.0 
1 -0.6923076923076923 -0.9230769230769231 0.0 
1 0.11538461538461539 1.5 1.0 
1 -0.7692307692307693 -0.6153846153846154 0.0 
1 1.1538461538461537 -1.3461538461538463 0.0 
1 1.3076923076923077 0.0 0.0 
1 0.6538461538461539 0.6538461538461539 1.0 
1 -0.3076923076923077 1.5 1.0 
1 -0.38461538461538464 -1.5384615384615385 0.0 
1 1.1923076923076923 0.3076923076923077 0.0 
